"price" "nrooms" "totsp" "livesp" "kitsp" "dist" "metrdist" "walk" "brick" "floor" "code"
"1" 81 1 58 40 6 12.5 7 1 1 1 3
"2" 75 1 44 28 6 13.5 7 1 0 1 6
"3" 95 1 61 37 6 13.5 7 1 0 1 1
"4" 98 1 59 39 6 7.5 10 0 0 1 8
"5" 88 1 55 36 6 9 5 1 1 0 4
"6" 96 1 60 43 6 12 15 1 0 1 7
"7" 125 1 62 40 8 12.5 5 1 0 1 2
"8" 95 1 58 38 6 12 8 1 0 1 1
"9" 72 1 49 34 6 7 10 0 0 1 5
"10" 92 1 61 33 7 10.5 10 1 1 0 7
"11" 88 1 60 43 6 12 5 0 0 0 7
"12" 90 1 58 43 6 13.5 2 1 0 1 6
"13" 102 1 60 43 6 12 5 0 1 1 7
"14" 86 1 60 42 7 12 10 0 0 1 8
"15" 79 1 51 34 6 13.5 5 1 0 1 6
"16" 89 1 62 38 9 13 4 0 0 0 5
"17" 89 1 51 34 6 3.5 10 1 0 0 7
"18" 100 1 57 42 6 11 10 1 1 1 5
"19" 97 1 53 34 6 9 5 1 0 1 4
"20" 85 1 59 45 6 12 5 1 0 1 5
"21" 76 1 55 36 6 12.5 15 0 1 0 3
"22" 110 1 51 34 6 3.5 7 1 0 1 7
"23" 90 1 60 45 6 13.5 5 1 0 1 6
"24" 82 1 51 35 6 12.5 5 1 0 1 2
"25" 105 1 57 42 6 3 15 1 1 1 1
"26" 88 1 55 38 6 6.5 10 1 1 0 2
"27" 84 1 58 43 5 12 15 1 1 0 7
"28" 74 1 60 43 6 13.5 5 0 0 0 6
"29" 125 1 62 42 10 12 10 1 0 1 1
"30" 105 1 57 40 6 4.5 5 1 1 1 8
"31" 120 1 56 42 6 12 5 1 1 1 7
"32" 82 1 56 39 5 10.5 5 0 1 1 3
"33" 74 1 51 35 6 13.5 10 1 0 0 6
"34" 87 1 60 43 6 12 7 0 0 1 7
"35" 90 1 58 43 6 17 10 1 0 1 4
"36" 140 1 56 40 5 9 5 1 1 0 3
"37" 105 1 57 44 6 9 5 1 1 0 4
"38" 106 1 58 44 6 7 10 0 0 0 4
"39" 105 1 56 42 6 3 15 1 1 1 1
"40" 94 1 59 43 5 14.5 5 0 0 1 3
"41" 86 1 51 35 6 17 10 1 0 0 4
"42" 90 1 56 41 5 6 15 1 1 1 6
"43" 95 1 58 42 6 7.5 15 1 1 1 3
"44" 78 1 51 34 6 13.5 10 1 1 1 6
"45" 103 1 60 43 6 12.5 5 1 0 1 2
"46" 84 1 60 44 6 13.5 7 0 0 1 1
"47" 80 1 60 44 6 13.5 10 0 0 1 6
"48" 115 1 58 41 5 7.5 7 1 1 0 3
"49" 80 1 58 43 6 10 10 1 1 1 6
"50" 88 1 59 44 6 13.5 10 1 0 1 6
"51" 86 1 50 34 6 12 10 0 0 0 8
"52" 85 1 60 43 6 14.5 6 0 0 1 2
"53" 90 1 51 35 6 7 3 1 0 1 4
"54" 89 1 61 44 6 12.5 10 1 0 1 2
"55" 81 1 56 39 6 11.5 10 1 0 1 6
"56" 106 1 58 42 6 12 5 1 1 1 8
"57" 78 1 55 37 6 11.5 2 1 1 1 6
"58" 105 1 58 44 5 17 2 1 1 1 2
"59" 130 1 56 41 6 9 5 1 1 0 3
"60" 86 1 59 43 6 17 5 1 0 1 4
"61" 105 1 60 41 8 4.5 10 1 1 0 8
"62" 95 1 60 43 6 14.5 10 1 0 1 3
"63" 110 1 58 43 6 14.5 10 1 1 1 3
"64" 80 1 55 41 5 11.5 3 1 1 1 6
"65" 93 1 60 38 8 12 5 1 0 1 5
"66" 89 1 60 44 6 14.5 7 1 1 1 3
"67" 73 1 61 41 6 13 10 0 0 0 5
"68" 92 1 60 45 6 9 7 0 1 1 3
"69" 90 1 57 38 6 7.5 6 1 1 0 3
"70" 93 1 62 37 8 12.5 10 1 0 1 2
"71" 90 1 57 43 6 12 5 1 1 1 1
"72" 79 1 55 40 6 10.5 10 0 1 1 3
"73" 84 1 58 43 5 12 15 1 1 0 7
"74" 80 1 56 38 6 7 10 1 0 1 5
"75" 115 1 57 42 6 10.5 4 0 1 1 3
"76" 82 1 57 46 6 12 10 1 1 1 7
"77" 90 1 61 49 6 12 10 1 0 1 8
"78" 75 1 51 34 6 9 5 0 0 0 4
"79" 93 1 59 44 6 7 5 0 0 0 4
"80" 86 1 56 39 6 12.5 10 0 0 1 3
"81" 85 1 59 43 6 13.5 15 0 0 1 1
"82" 88 1 60 44 10 12 10 0 0 0 7
"83" 85 1 55 40 6 11 5 0 1 1 8
"84" 73 1 54 37 6 14.5 10 1 0 1 3
"85" 91 1 60 44 6 12 10 1 1 1 7
"86" 73 1 51 34 6 7 7 1 0 1 5
"87" 85 1 58 39 6 10 7 0 0 1 6
"88" 88 1 56 36 6 17 10 0 0 1 2
"89" 98 1 56 33 6 8 10 1 0 0 1
"90" 85 1 60 44 6 7 7 1 0 1 5
"91" 100 1 55 38 6 3.5 5 1 1 0 7
"92" 95 1 55 35 8 7.5 7 1 1 1 3
"93" 72 1 52 35 6 13.5 10 0 0 1 1
"94" 97 1 55 35 6 9 10 1 0 1 4
"95" 80 1 50 34 6 12 5 0 0 0 8
"96" 100 1 58 42 5 12 10 0 1 1 8
"97" 80 1 52 36 6 10.5 15 1 1 0 7
"98" 78 1 59 42 6 12.5 10 0 0 0 2
"99" 88 1 51 35 6 10.5 3 1 0 1 7
"100" 97 1 57 42 6 13.5 5 0 1 1 1
"101" 79 1 49 33 6 14.5 10 1 0 0 3
"102" 85 1 59 44 6 9 5 0 0 1 4
"103" 87 1 55 38 5 6.5 5 1 1 1 5
"104" 88 1 61 42 6 12.5 5 1 0 1 2
"105" 83 1 58 38 6 12.5 10 1 0 0 2
"106" 85 1 60 38 6 17 7 1 0 0 2
"107" 84 1 59 45 5 10 15 1 0 1 6
"108" 85 1 57 37 5 12 7 0 0 1 8
"109" 87 1 57 45 6 12 15 1 0 1 8
"110" 84 1 60 43 6 12 10 1 0 1 5
"111" 93 1 61 43 6 14.5 7 0 0 1 2
"112" 84 1 59 38 6 7 10 1 0 1 5
"113" 105 1 60 35 8 11 5 1 1 1 8
"114" 75 1 53 35 7 11.5 5 1 1 0 6
"115" 78 1 57 37 6 13.5 10 1 0 1 6
"116" 86 1 56 42 5 6.5 5 1 1 0 5
"117" 92 1 60 41 6 14.5 7 1 0 0 2
"118" 115 1 62 38 9 17 7 1 0 0 2
"119" 83 1 61 38 6 13 10 0 0 0 5
"120" 120 1 57 43 6 8 5 1 1 0 1
"121" 86 1 61 42 6 12 7 0 1 1 5
"122" 85 1 59 40 6 10 5 0 0 1 6
"123" 84 1 60 45 6 13.5 7 0 0 1 6
"124" 90 1 55 35 6 14.5 5 0 0 1 3
"125" 87 1 61 43 6 12 15 1 0 1 7
"126" 78 1 58 44 6 7 7 1 0 0 5
"127" 87 1 58 33 5 11.5 5 1 0 1 6
"128" 80 1 56 37 6 10 1 1 0 0 6
"129" 90 1 56 40 5 12.5 5 1 1 1 3
"130" 84 1 59 46 6 10 15 1 0 1 6
"131" 129 1 59 41 6 9 5 1 1 0 3
"132" 80 1 52 34 6 17 10 1 0 0 4
"133" 86 1 56 42 5 6.5 5 1 1 0 5
"134" 77 1 56 38 6 13.5 10 0 1 0 1
"135" 77 1 50 34 6 13.5 2 1 0 1 6
"136" 89 1 60 43 6 15.5 5 1 1 1 1
"137" 89 1 55 37 6 10.5 10 1 1 1 3
"138" 84 1 59 44 6 12 10 1 0 1 5
"139" 79 1 60 44 6 15.5 15 1 0 0 1
"140" 115 1 60 39 6 4.5 10 1 0 1 8
"141" 105 1 56 43 6 3 10 1 1 1 1
"142" 85 1 58 43 5 7 10 0 0 1 4
"143" 87 1 58 40 6 6.5 5 1 0 0 2
"144" 86 1 58 38 8 11.5 7 1 0 1 6
"145" 85 1 55 42 6 14.5 5 1 1 1 3
"146" 78 1 58 37 6 12 10 0 0 1 7
"147" 85 1 60 43 6 12 5 1 0 1 5
"148" 85 1 61 45 6 13.5 15 1 0 1 6
"149" 93 1 55 39 6 8 10 1 1 0 1
"150" 99 1 62 39 8 17 10 1 0 1 2
"151" 110 1 59 38 8 14.5 5 0 0 1 3
"152" 98 1 54 36 5 3.5 12 1 1 1 7
"153" 95 1 54 38 6 10.5 5 1 0 1 7
"154" 105 1 53 39 5 3.5 7 1 1 0 7
"155" 96 1 60 38 6 12 5 0 0 1 7
"156" 81 1 53 34 6 13 15 1 0 0 5
"157" 87 1 58 37 7 13.5 15 0 0 1 1
"158" 85 1 59 38 6 13.5 10 1 0 1 6
"159" 90 1 60 43 6 13.5 5 0 0 0 6
"160" 100 1 57 40 6 8 5 1 0 1 1
"161" 120 1 60 37 8 12 8 0 0 1 1
"162" 90 1 61 45 6 13.5 15 1 0 1 6
"163" 88 1 51 34 6 14.5 10 1 0 1 3
"164" 80 1 60 44 6 13.5 5 1 0 1 6
"165" 170 1 53 33 9 3 10 1 1 1 1
"166" 113 1 54 34 11 3 10 1 0 1 1
"167" 95 1 60 44 6 12 10 1 0 0 8
"168" 82 1 59 45 6 10 7 1 1 0 6
"169" 75 1 55 36 6 14.5 7 0 1 0 2
"170" 77 1 60 44 6 13 15 1 0 0 5
"171" 108 1 58 41 6 9 3 1 1 1 4
"172" 85 1 57 42 6 7.5 15 1 1 1 8
"173" 78 1 52 34 6 13 15 1 0 1 5
"174" 86 1 55 40 5 7 2 0 0 1 4
"175" 76 1 53 39 6 12 10 1 0 1 5
"176" 110 1 60 41 6 12 10 1 0 1 8
"177" 90 1 60 43 6 12 5 0 0 1 7
"178" 77 1 61 45 6 13.5 5 0 0 0 6
"179" 75 1 51 36 6 17 5 0 0 1 2
"180" 89 1 60 44 6 10.5 3 1 0 1 7
"181" 90 1 55 37 6 7.5 7 0 0 1 8
"182" 85 1 57 37 5 12 7 0 0 1 8
"183" 87 1 56 35 6 12 7 1 0 1 8
"184" 80 1 61 44 7 12 5 0 0 1 7
"185" 89 1 60 45 6 13.5 10 0 0 1 1
"186" 90 1 57 40 5 13.5 10 1 1 1 1
"187" 97 1 55 35 6 9 7 0 0 1 4
"188" 94 1 61 38 9 12 5 0 0 1 7
"189" 73 1 53 34 6 7.5 3 1 1 0 3
"190" 90 1 60 40 7 13.5 9 1 0 1 6
"191" 79 1 54 35 5 12.5 10 0 1 1 3
"192" 82 1 61 40 6 13.5 10 0 0 1 1
"193" 97 1 56 43 5 6.5 7 1 1 1 5
"194" 92 1 59 41 6 11 10 1 1 1 8
"195" 80 1 58 38 7 13.5 5 0 0 1 6
"196" 96 1 60 45 6 15.5 5 1 0 1 1
"197" 112 1 60 39 6 3.5 3 1 0 1 7
"198" 94 1 60 44 6 15.5 5 1 0 1 1
"199" 77 1 60 43 6 12 6 0 0 1 7
"200" 85 1 58 45 6 10 3 1 0 1 6
"201" 78 1 52 35 6 12 10 1 0 1 7
"202" 85 1 59 42 6 10.5 7 0 0 0 3
"203" 80 1 58 38 6 7 10 1 0 1 5
"204" 73 1 51 34 6 12 7 1 0 0 5
"205" 94 1 61 44 6 12.5 3 1 0 1 2
"206" 130 1 56 40 5 3.5 10 1 1 0 7
"207" 100 1 57 43 5 11.5 10 1 1 1 6
"208" 87 1 61 43 6 12 15 1 0 1 7
"209" 94 1 62 38 8 17 3 1 0 1 4
"210" 115 1 61 42 5 3.5 10 1 1 0 7
"211" 85 1 60 43 10 13 7 0 0 0 5
"212" 87 1 56 37 6 7 7 0 0 1 4
"213" 87 1 58 45 5 10 3 1 0 1 6
"214" 92 1 60 44 6 12.5 15 1 0 0 2
"215" 95 1 61 43 6 14.5 5 1 0 1 2
"216" 96 1 60 45 6 12 10 1 0 1 7
"217" 93 1 59 38 6 13.5 7 1 0 0 6
"218" 82 1 54 35 6 9 10 1 1 0 4
"219" 98 1 60 44 6 14.5 15 1 0 1 3
"220" 73 1 51 34 6 13.5 10 1 0 1 6
"221" 89 1 59 38 6 12 15 1 0 1 7
"222" 93 1 59 44 5 14.5 10 1 0 1 3
"223" 87 1 58 38 6 12 15 1 0 0 8
"224" 85 1 61 45 6 13.5 15 1 0 1 6
"225" 80 1 56 37 6 12 10 1 1 0 8
"226" 87 1 59 44 6 13.5 10 1 0 1 1
"227" 83 1 55 38 7 11 10 1 1 0 8
"228" 100 1 60 39 9 15.5 10 1 0 1 1
"229" 80 1 59 39 6 8 15 0 0 1 1
"230" 74 1 51 35 6 13.5 10 1 0 0 6
"231" 130 1 60 42 7 9 10 1 1 0 3
"232" 102 1 58 41 6 11 5 1 1 1 8
"233" 89 1 58 42 6 9 10 0 0 0 4
"234" 75 1 51 34 6 14.5 7 0 0 1 3
"235" 92 1 60 45 6 15.5 5 1 0 1 1
"236" 105 1 55 40 6 9 7 0 0 1 4
"237" 80 1 50 34 6 11.5 10 1 0 1 6
"238" 81 1 54 36 6 10 10 1 0 1 6
"239" 77 1 59 38 6 12 10 0 1 0 7
"240" 87 1 60 43 6 12 5 0 0 1 7
"241" 79 1 57 43 6 10.5 10 0 1 1 3
"242" 155 1 60 40 8 7.5 5 1 1 1 3
"243" 83 1 52 34 6 14.5 10 0 0 0 3
"244" 78 1 56 39 6 12 5 1 1 0 7
"245" 86 1 58 38 6 11.5 7 1 0 1 6
"246" 107 1 57 41 6 12.5 10 1 1 1 3
"247" 80 1 60 45 6 13.5 5 0 0 1 6
"248" 93 1 58 42 6 12 5 0 1 0 7
"249" 82 1 60 41 6 11.5 5 1 1 1 6
"250" 87 1 60 43 6 13.5 10 0 0 1 6
"251" 99 1 60 44 6 12.5 10 1 0 1 2
"252" 93 1 59 39 6 15.5 10 1 0 1 1
"253" 83 1 56 37 6 10 15 1 0 1 6
"254" 110 1 57 40 5 7.5 7 1 1 0 3
"255" 115 1 57 38 8 12 5 1 0 1 7
"256" 75 1 55 39 6 10 10 1 0 0 6
"257" 92 1 57 40 6 12.5 2 1 1 1 3
"258" 92 1 61 44 6 12.5 5 1 0 1 2
"259" 128 1 57 38 6 9 5 1 1 1 3
"260" 92 1 58 42 6 13.5 7 1 1 1 1
"261" 85 1 56 42 6 12 10 1 1 1 8
"262" 99 1 58 39 7 7.5 5 1 0 1 3
"263" 105 1 61 38 8 17 5 1 0 0 2
"264" 85 1 60 38 6 17 7 1 0 0 2
"265" 98 1 58 42 6 12 10 1 1 1 8
"266" 80 1 58 43 5 7 7 1 0 1 5
"267" 91 1 60 45 6 10.5 5 0 0 1 3
"268" 108 1 56 41 6 3.5 5 1 1 0 7
"269" 78 1 51 33 6 7 7 1 0 1 5
"270" 82 1 60 42 6 12.5 10 1 0 0 2
"271" 105 1 53 36 5 7.5 10 1 1 0 3
"272" 83 1 55 37 6 12 5 1 1 1 7
"273" 85 1 61 45 6 13.5 10 1 0 1 6
"274" 105 1 61 40 8 12 3 1 0 1 5
"275" 79 1 51 34 6 13.5 10 1 0 1 6
"276" 99 1 58 44 6 10.5 10 1 0 1 3
"277" 80 1 52 35 6 14.5 12 0 0 1 3
"278" 72 1 60 42 6 11.5 10 0 1 0 6
"279" 87 1 56 37 6 7 7 0 1 1 4
"280" 79 1 52 37 6 12 7 0 0 0 7
"281" 88 1 60 42 6 11 10 1 1 1 5
"282" 85 1 57 40 6 14.5 10 0 1 1 2
"283" 83 1 60 44 6 17 10 1 0 1 4
"284" 113 1 54 34 6 3 10 1 0 1 1
"285" 71 1 54 34 6 7 7 0 0 0 5
"286" 78 1 51 34 6 13 5 0 0 1 5
"287" 78 1 55 37 6 10.5 7 1 0 1 7
"288" 81 1 56 41 5 6 10 0 1 1 6
"289" 70 1 52 34 6 12 10 1 0 0 7
"290" 85 1 58 39 7 7 5 1 0 1 5
"291" 85 1 60 43 7 12 5 0 0 1 7
"292" 97 1 58 42 5 12.5 15 1 1 1 3
"293" 88 1 60 44 6 17 7 0 0 1 4
"294" 110 1 60 40 7 9 7 0 1 1 3
"295" 94 1 61 44 6 12.5 10 1 0 1 2
"296" 80 1 54 35 6 12 8 1 1 0 7
"297" 75 1 56 38 6 10 7 1 0 1 6
"298" 95 1 61 38 8 11.5 7 1 0 1 6
"299" 86 1 58 44 6 17 5 1 0 1 4
"300" 90 1 55 36 6 12.5 10 1 0 1 3
"301" 85 1 58 41 7 14.5 10 0 0 1 2
"302" 85 1 58 37 6 13.5 15 0 0 1 1
"303" 105 1 53 36 5 7.5 10 1 1 0 3
"304" 81 1 59 42 6 12 10 1 1 1 1
"305" 95 1 62 43 7 12 7 1 0 1 5
"306" 86 1 56 34 7 7.5 10 0 0 0 8
"307" 85 1 55 40 6 12.5 7 1 1 0 8
"308" 79 1 58 41 6 12.5 5 0 0 0 3
"309" 86 1 58 43 6 17 5 1 0 1 4
"310" 99 1 62 45 6 13.5 10 1 0 1 6
"311" 73 1 54 35 5 10.5 3 1 1 0 7
"312" 93 1 57 43 5 12.5 15 1 1 1 3
"313" 77 1 51 34 6 7 7 1 0 1 5
"314" 96 1 60 43 6 13.5 10 1 0 1 6
"315" 96 1 60 45 6 10.5 15 1 0 1 3
"316" 96 1 60 45 6 12 5 0 0 1 7
"317" 82 1 55 36 6 10 7 1 0 0 6
"318" 83 1 50 34 6 15.5 5 0 0 1 1
"319" 107 1 56 32 5 7.5 7 1 1 0 3
"320" 88 1 60 44 6 12 10 0 0 0 7
"321" 89 1 60 38 6 13.5 7 1 0 1 6
"322" 84 1 60 45 6 13.5 7 0 0 1 6
"323" 70 1 58 41 6 14.5 10 0 1 1 3
"324" 91 1 60 44 6 14.5 7 1 0 1 2
"325" 83 1 60 38 9 12 10 1 0 0 5
"326" 85 1 57 39 6 11.5 7 1 0 0 6
"327" 85 1 58 40 5 14.5 10 0 1 1 2
"328" 99 1 57 42 6 6.5 7 1 1 1 5
"329" 87 1 58 44 5 10.5 5 1 0 1 7
"330" 105 1 54 34 6 3.5 7 1 0 1 7
"331" 130 1 56 42 7 14.5 3 1 1 1 3
"332" 85 1 55 35 6 12 10 1 0 1 8
"333" 85 1 60 40 7 12 5 0 0 1 7
"334" 101 1 55 38 6 7 10 1 0 0 4
"335" 80 1 51 34 6 13.5 15 0 0 1 1
"336" 90 1 59 45 6 12 5 0 0 0 8
"337" 71 1 49 34 6 10 10 1 0 1 6
"338" 85 1 60 43 6 12 5 1 1 1 7
"339" 89 1 51 34 6 13.5 10 0 0 1 1
"340" 74 1 53 34 6 10.5 7 0 1 0 3
"341" 93 1 60 43 6 17 15 0 0 1 2
"342" 110 1 60 37 9 12.5 7 1 0 1 2
"343" 86 1 53 36 7 11.5 5 1 0 0 6
"344" 85 1 50 35 6 11 8 0 0 1 8
"345" 77 1 55 38 6 7.5 10 1 0 0 8
"346" 83 1 53 34 6 14.5 8 0 0 0 3
"347" 84 1 58 43 6 14.5 5 0 0 1 3
"348" 80 1 56 44 6 11 8 1 1 0 5
"349" 90 1 58 42 6 10.5 15 1 1 1 3
"350" 125 1 60 41 6 3 7 1 0 1 1
"351" 94 1 56 33 8 11.5 3 1 0 1 6
"352" 90 1 56 42 6 12.5 7 1 1 1 3
"353" 90 1 60 40 8 13.5 5 1 0 0 6
"354" 110 1 57 37 7 9 1 1 1 1 4
"355" 90 1 54 42 6 17 10 1 0 1 4
"356" 101 1 55 39 6 4.5 12 1 1 0 8
"357" 96 1 60 45 6 12 5 0 0 1 7
"358" 114 1 59 39 6 3.5 5 1 0 1 7
"359" 96 1 60 40 8 12.5 10 1 0 1 2
"360" 87 1 60 43 6 13.5 10 0 0 1 1
"361" 105 1 58 41 6 7.5 10 1 1 1 3
"362" 92 1 60 40 6 12 10 0 0 1 7
"363" 75 1 55 36 6 11.5 10 1 1 1 6
"364" 85 1 61 43 6 12 15 1 0 1 7
"365" 80 1 54 37 6 12 7 1 1 0 7
"366" 79 1 51 34 6 12 7 0 0 1 7
"367" 75 1 53 35 7 11.5 5 1 1 0 6
"368" 82 1 60 44 6 14.5 7 0 0 1 3
"369" 108 1 58 40 6 10.5 7 1 1 1 3
"370" 83 1 51 34 6 15.5 3 1 0 1 1
"371" 98 1 61 38 8 12 15 1 0 1 1
"372" 90 1 57 42 6 11 5 1 1 1 5
"373" 99 1 60 39 8 12 5 0 0 1 1
"374" 75 1 55 36 6 13.5 15 0 1 0 1
"375" 77 1 58 42 6 12.5 5 0 0 0 3
"376" 102 1 58 40 6 10.5 5 1 1 0 3
"377" 93 1 59 38 6 13.5 10 1 1 0 6
"378" 80 1 60 44 6 13.5 10 0 0 1 6
"379" 68 1 57 37 6 13.5 15 1 0 0 6
"380" 95 1 60 43 6 17 10 1 0 1 4
"381" 108 1 57 40 6 9 3 1 1 1 4
"382" 86 1 61 43 6 13.5 15 1 0 1 6
"383" 101 1 62 43 6 12 15 1 0 1 7
"384" 75 1 59 43 5 13.5 10 0 0 0 6
"385" 77 1 58 37 5 7 12 0 0 1 5
"386" 85 1 59 40 5 12.5 5 0 0 1 3
"387" 79 1 56 37 6 11.5 5 1 0 1 6
"388" 100 1 58 30 6 17 1 1 0 1 4
"389" 93 1 57 40 6 3.5 7 1 1 1 7
"390" 98 1 60 47 6 14.5 7 1 1 0 3
"391" 85 1 59 44 6 7 1 1 0 1 5
"392" 73 1 50 35 7 17 5 1 0 0 4
"393" 84 1 57 42 6 7.5 5 0 1 1 8
"394" 102 1 60 40 8 8 5 0 1 1 1
"395" 87 1 55 36 6 3.5 10 1 1 1 7
"396" 92 1 60 44 6 15.5 3 1 0 1 1
"397" 115 1 56 39 5 4.5 15 1 1 1 8
"398" 85 1 55 38 6 10.5 5 0 1 0 3
"399" 84 1 62 44 7 14.5 10 0 0 1 3
"400" 123 1 58 40 7 13.5 5 0 1 1 1
"401" 95 1 60 43 6 9 5 0 0 1 4
"402" 95 1 62 38 8 12.5 3 1 0 0 2
"403" 86 1 59 42 5 11.5 10 1 0 1 6
"404" 92 1 60 44 6 12 5 0 0 1 7
"405" 160 1 57 42 8 3.5 5 1 1 1 7
"406" 115 1 62 38 8 11.5 5 1 0 1 6
"407" 150 1 54 39 6 7 3 1 1 1 4
"408" 95 1 60 37 8 12.5 15 1 0 1 2
"409" 80 1 58 43 6 11.5 10 1 0 1 6
"410" 83 1 60 42 6 12 7 0 0 1 8
"411" 93 1 57 43 6 10.5 15 0 0 1 3
"412" 78 1 55 37 6 11.5 2 1 1 1 6
"413" 98 1 60 43 7 13.5 10 1 0 1 6
"414" 100 1 60 39 6 17 5 1 0 1 4
"415" 93 1 62 38 7 17 3 1 0 1 4
"416" 95 1 61 43 6 12 15 1 0 0 7
"417" 83 1 57 44 6 17 10 0 0 1 4
"418" 82 1 62 32 7 6 5 1 1 0 6
"419" 93 1 61 38 8 13 7 0 0 1 5
"420" 85 1 58 43 5 7 5 0 0 1 4
"421" 120 1 59 45 6 3 3 1 0 1 1
"422" 82 1 62 44 6 12.5 10 0 0 0 2
"423" 70 1 50 32 5 11.5 7 0 1 0 6
"424" 115 1 59 39 6 10 10 1 0 0 6
"425" 110 1 60 44 6 7 5 0 0 1 4
"426" 83 1 49 34 6 15.5 5 1 0 1 1
"427" 95 1 62 45 7 12.5 10 1 1 1 2
"428" 91 1 61 44 7 13.5 5 1 0 1 6
"429" 82 1 62 44 6 13.5 10 0 0 1 6
"430" 88 1 60 44 6 13.5 10 0 0 1 1
"431" 82 1 56 42 6 10 10 1 0 0 6
"432" 100 1 60 43 7 12.5 5 1 0 1 2
"433" 111 1 57 40 6 9 3 1 1 1 4
"434" 95 1 57 42 6 6.5 7 1 1 1 5
"435" 92 1 59 41 6 7.5 12 1 0 1 3
"436" 83 1 59 44 6 13.5 10 0 0 1 6
"437" 145 1 62 41 9 9 5 1 0 1 3
"438" 95 1 54 36 5 3.5 15 1 1 1 7
"439" 90 1 60 38 8 12 10 0 0 0 8
"440" 85 1 55 41 5 11 5 0 1 1 8
"441" 82 1 56 39 6 10 5 1 0 1 6
"442" 74 1 56 37 6 15.5 7 0 1 0 1
"443" 84 1 57 42 5 12.7 10 1 1 1 5
"444" 90 1 61 43 6 14.5 10 1 0 1 2
"445" 105 1 58 43 6 3.5 12 1 1 1 7
"446" 84 1 58 42 5 7.5 15 1 1 1 8
"447" 115 1 60 44 6 6.5 5 1 0 1 2
"448" 85 1 56 36 5 10.5 15 0 0 1 3
"449" 72 1 54 35 6 13.5 10 1 0 1 6
"450" 85 1 58 39 6 12.5 10 1 0 0 2
"451" 80 1 56 38 5 11.5 10 1 0 1 6
"452" 80 1 60 44 6 13.5 7 0 0 1 6
"453" 81 1 53 34 6 12.5 10 1 0 0 2
"454" 82 1 60 42 7 13.5 5 0 0 1 6
"455" 85 1 57 43 6 12 12 1 1 0 7
"456" 95 1 58 39 6 9 5 1 0 0 4
"457" 75 1 54 36 6 10 7 1 0 1 6
"458" 82 1 57 42 5 12.7 10 1 1 1 5
"459" 96 1 59 42 6 13.5 7 1 0 1 6
"460" 95 1 60 43 7 12.5 5 1 0 1 2
"461" 82 1 55 34 5 10.5 5 0 1 1 3
"462" 129 1 60 41 6 3 7 1 0 0 1
"463" 88 1 59 44 6 14.5 10 1 0 1 3
"464" 92 1 62 39 7 12 10 1 0 1 5
"465" 85 1 53 34 6 10.5 3 1 0 1 7
"466" 88 1 60 43 6 12.5 5 1 0 1 2
"467" 75 1 56 37 5 10 10 1 0 0 6
"468" 95 1 51 34 6 12 5 0 0 1 8
"469" 70 1 60 43 6 17 10 1 0 1 2
"470" 79 1 60 43 5 12 10 0 0 0 7
"471" 130 1 57 42 6 4.5 5 1 1 1 8
"472" 96 1 60 43 6 14.5 7 1 0 1 2
"473" 80 1 59 43 6 13.5 5 0 0 1 6
"474" 90 1 61 44 6 12 5 1 0 0 8
"475" 98 1 58 43 6 14.5 10 0 0 1 3
"476" 87 1 54 34 6 17 1 1 0 1 4
"477" 90 1 59 45 6 15.5 5 0 0 1 1
"478" 82 1 59 38 6 13.5 5 1 0 1 6
"479" 79 1 51 34 6 13.5 10 1 0 1 6
"480" 86 1 54 36 6 9 15 0 1 0 3
"481" 82 1 58 35 11 12.5 10 0 0 0 3
"482" 82 1 60 45 6 13.5 10 0 0 1 6
"483" 95 1 57 41 6 4.5 7 1 1 0 8
"484" 75 1 56 37 5 10 5 0 0 1 6
"485" 79 1 54 36 6 12.5 10 0 1 1 3
"486" 84 1 58 42 6 13 15 1 0 0 5
"487" 94 1 61 42 6 12.5 10 1 0 1 2
"488" 85 1 58 44 6 10.5 10 1 0 0 3
"489" 90 1 60 45 5 10.5 10 0 0 1 3
"490" 85 1 55 35 6 10.5 5 0 1 0 3
"491" 101 1 59 44 6 17 10 1 0 1 4
"492" 98 1 60 45 5 7.5 7 1 0 0 3
"493" 91 1 62 38 7 13.5 7 0 0 0 6
"494" 95 1 56 42 7 3.5 10 1 1 0 7
"495" 94 1 55 41 5 13.5 10 1 1 1 1
"496" 90 1 62 46 8 14.5 15 0 0 1 3
"497" 83 1 53 34 6 12.5 15 1 0 1 2
"498" 88 1 60 40 5 7 7 1 0 1 4
"499" 87 1 61 42 9 13.5 10 1 0 1 6
"500" 85 1 60 40 6 13.5 5 0 0 1 6
"501" 95 1 55 42 5 10.5 5 0 1 1 3
"502" 73 1 51 34 6 12 7 1 0 0 5
"503" 86 1 60 44 6 13.5 10 0 0 1 1
"504" 95 1 59 43 6 15.5 5 0 0 1 1
"505" 81 1 56 37 6 11.5 5 1 0 1 6
"506" 90 1 61 43 6 12.5 3 1 0 1 2
"507" 102 1 58 38 6 15.5 8 1 0 1 1
"508" 93 1 61 45 6 14.5 10 1 0 1 3
"509" 92 1 59 38 6 15.5 10 1 0 1 1
"510" 117 1 61 44 6 4.5 5 1 1 1 8
"511" 81 1 60 46 6 14.5 15 0 0 0 3
"512" 79 1 59 43 6 12 10 0 0 0 7
"513" 79 1 50 34 6 14.5 5 0 0 1 3
"514" 78 1 56 38 6 13.5 5 0 0 0 6
"515" 110 1 60 45 6 12 5 1 0 1 8
"516" 105 1 60 43 6 17 5 1 0 1 4
"517" 99 1 57 42 6 12 10 1 1 1 8
"518" 95 1 56 39 5 9 7 1 1 1 4
"519" 89 1 60 42 6 12 7 0 0 1 8
"520" 90 1 60 42 6 17 3 1 0 1 2
"521" 155 1 60 40 11 7.5 5 1 1 1 3
"522" 96 1 60 45 6 12 5 0 0 1 7
"523" 84 1 60 43 6 14.5 5 0 0 1 3
"524" 81 1 60 44 6 13.5 10 0 0 1 1
"525" 72 1 50 34 7 17 10 1 0 1 4
"526" 95 1 60 43 6 9 5 0 0 1 4
"527" 95 1 60 46 5 10.5 5 1 0 1 7
"528" 128 2 70 42 6 14.5 3 1 1 1 3
"529" 142 2 70 47 8 7.5 5 1 0 1 3
"530" 84 2 63 44 7 14.5 10 0 0 1 3
"531" 100 2 66 43 7 12 7 0 0 1 7
"532" 135 2 72 51 8 9 5 1 1 1 3
"533" 56 2 68 43 7 13.5 10 0 1 1 6
"534" 130 2 73 52 7 11 5 1 1 1 8
"535" 140 2 65 44 8 4.5 5 1 0 1 8
"536" 112 2 73 51 8 10.5 7 0 1 1 3
"537" 130 2 70 47 8 9 5 1 0 1 4
"538" 169 2 68 40 8 3 5 1 1 1 1
"539" 110 2 65 46 7 12.5 5 1 0 1 2
"540" 87 2 64 46 7 12 5 1 0 1 5
"541" 99 2 67 37 7 10.5 10 0 1 1 3
"542" 136 2 64 38 8 3 3 1 0 1 1
"543" 95 2 64 45 6 12.5 10 1 0 0 2
"544" 115 2 67 41 9 14.5 7 0 0 1 2
"545" 105 2 66 40 8 12.5 5 1 0 1 2
"546" 99 2 66 44 8 12 5 1 0 0 5
"547" 165 2 65 45 9 9 10 1 1 1 3
"548" 99 2 65 40 8 17 12 1 0 0 2
"549" 169 2 70 44 8 8 5 1 1 1 1
"550" 94 2 64 45 7 12.5 12 1 0 1 2
"551" 138 2 70 45 8 10.5 10 1 1 1 3
"552" 95 2 64 39 8 12 15 1 0 1 7
"553" 185 2 73 45 8 3 2 1 1 1 1
"554" 92 2 64 39 8 12 7 0 0 1 1
"555" 95 2 65 47 9 13.5 7 1 0 1 6
"556" 139 2 73 51 9 7.5 10 0 1 0 8
"557" 112 2 65 40 8 17 5 1 0 0 2
"558" 110 2 65 43 7 12 10 0 0 1 7
"559" 138 2 68 46 8 9 10 1 0 1 4
"560" 50 2 63 47 7 12 20 0 1 0 7
"561" 128 2 70 50 8 5 5 1 1 0 4
"562" 133 2 65 47 8 12.5 2 1 0 1 3
"563" 103 2 69 44 9 14.5 10 0 0 1 3
"564" 118 2 67 44 8 6 10 1 0 1 6
"565" 120 2 63 43 9 12 1 1 0 0 8
"566" 85 2 64 45 7 15.5 10 1 0 0 1
"567" 118 2 68 49 11 7.5 7 1 0 0 8
"568" 100 2 65 46 6 15.5 7 1 0 1 1
"569" 120 2 66 40 19 7.5 10 1 1 1 8
"570" 92 2 63 39 8 15.5 5 1 0 1 1
"571" 95 2 64 40 8 15.5 15 1 0 1 1
"572" 95 2 64 45 6 14.5 10 1 0 1 2
"573" 105 2 65 39 11 12 5 0 0 1 7
"574" 95 2 64 45 7 12.5 10 1 0 1 2
"575" 108 2 65 40 8 17 5 1 0 1 2
"576" 93 2 67 47 6 12 5 0 0 1 7
"577" 95 2 73 43 11 12.7 10 1 0 0 5
"578" 125 2 66 44 9 12.5 15 1 0 1 3
"579" 95 2 67 45 9 13.5 10 0 0 0 1
"580" 105 2 66 48 8 12 1 1 0 0 5
"581" 120 2 66 43 10 9 10 0 0 1 4
"582" 110 2 70 42 10 14.5 7 0 0 1 3
"583" 105 2 68 46 8 12 15 1 0 1 7
"584" 138 2 65 47 9 5 10 1 0 1 4
"585" 115 2 63 40 8 12.5 10 0 0 1 3
"586" 90 2 66 43 6 15.5 5 1 0 0 1
"587" 103 2 64 40 8 17 5 1 0 1 2
"588" 110 2 69 44 10 12 5 1 0 1 7
"589" 119 2 71 52 8 8 10 0 1 0 1
"590" 99 2 72 50 9 7.5 10 0 1 1 8
"591" 122 2 68 44 8 10.5 5 0 0 1 3
"592" 135 2 68 46 8 12.5 7 0 0 1 3
"593" 100 2 68 53 6 12 10 1 0 1 7
"594" 115 2 66 37 7 11 7 1 0 1 8
"595" 120 2 69 40 9 13.5 15 1 0 1 1
"596" 125 2 64 44 9 12 12 1 0 1 8
"597" 100 2 65 39 9 17 10 1 0 1 2
"598" 93 2 64 41 7 14.5 3 1 0 1 2
"599" 102 2 65 44 7 13.5 10 1 0 1 6
"600" 94 2 65 45 7 14.5 10 1 0 0 2
"601" 110 2 63 45 7 13.5 10 1 0 1 1
"602" 103 2 63 38 8 10.5 10 0 0 1 3
"603" 108 2 66 43 7 17 5 1 0 1 4
"604" 100 2 63 42 7 13.5 15 1 1 1 1
"605" 92 2 69 47 6 12 10 0 0 0 7
"606" 92 2 64 38 8 10.5 15 1 0 0 7
"607" 90 2 65 45 7 12 7 1 0 1 5
"608" 115 2 72 50 8 10.5 10 0 1 1 3
"609" 92 2 68 53 6 13 10 0 0 1 5
"610" 110 2 65 41 11 12.5 15 1 1 1 8
"611" 103 2 64 45 6 17 5 1 0 1 2
"612" 95 2 65 39 8 12 15 1 0 1 7
"613" 125 2 73 52 8 11 10 1 1 1 8
"614" 108 2 64 40 9 12 10 0 1 1 1
"615" 170 2 71 47 8 7.5 10 1 1 1 3
"616" 112 2 72 51 8 6.5 5 1 1 1 5
"617" 132 2 69 44 8 8 10 1 0 1 1
"618" 95 2 63 39 8 14.5 15 1 0 1 2
"619" 115 2 68 44 9 12 7 1 0 1 7
"620" 99 2 66 39 8 17 10 1 0 0 2
"621" 105 2 63 44 7 17 3 1 0 1 4
"622" 96 2 64 41 9 13.5 12 1 0 1 1
"623" 85 2 65 43 10 12 5 0 0 1 5
"624" 100 2 70 44 8 15.5 7 0 0 0 1
"625" 105 2 66 44 7 3.5 10 1 0 1 7
"626" 106 2 70 43 10 12.7 10 1 0 0 5
"627" 93 2 66 39 8 14.5 15 1 0 1 2
"628" 93 2 64 45 7 13.5 7 0 0 1 1
"629" 107 2 66 42 9 8 7 0 0 1 1
"630" 140 2 66 47 6 4.5 2 1 1 0 8
"631" 105 2 64 45 6 13.5 7 1 0 1 1
"632" 88 2 64 46 7 17 15 1 0 0 2
"633" 140 2 70 45 10 9 10 1 0 1 3
"634" 105 2 73 49 8 11.5 5 1 0 0 6
"635" 108 2 66 45 10 12 5 1 0 1 7
"636" 115 2 71 42 10 12 5 1 0 0 8
"637" 158 2 64 44 9 7 3 1 0 1 4
"638" 115 2 66 38 7 11 7 1 1 1 8
"639" 260 2 70 45 8 8 7 1 1 0 1
"640" 112 2 63 35 8 11 7 1 0 1 8
"641" 103 2 67 43 9 13.5 10 0 0 1 1
"642" 130 2 72 47 10 13.5 7 1 1 0 1
"643" 130 2 72 42 9 12 5 1 0 1 1
"644" 78 2 63 47 6 13.5 5 0 1 1 6
"645" 110 2 70 40 9 13.5 5 1 0 0 6
"646" 115 2 64 44 7 12 5 0 0 1 7
"647" 95 2 67 41 9 13.5 7 0 0 1 6
"648" 98 2 64 42 7 14.5 5 0 0 1 3
"649" 83 2 64 42 9 17 10 0 0 0 2
"650" 107 2 65 39 8 12.5 20 1 0 1 2
"651" 95 2 64 45 6 12.5 10 1 0 1 2
"652" 145 2 73 45 7 9 1 1 1 1 4
"653" 190 2 73 54 9 3 10 1 1 1 1
"654" 85 2 65 43 5 7.5 5 1 1 1 8
"655" 99 2 63 38 8 10.5 5 1 0 0 3
"656" 105 2 69 43 6 17 5 1 0 1 4
"657" 135 2 72 46 8 10 5 1 0 1 6
"658" 105 2 72 43 10 12 10 1 0 1 5
"659" 105 2 65 39 8 12 5 0 0 1 7
"660" 125 2 67 46 8 12.5 15 1 0 1 3
"661" 95 2 65 45 7 14.5 12 1 0 1 2
"662" 110 2 65 45 11 7 7 1 0 1 4
"663" 170 2 65 45 7 7.5 2 1 1 1 3
"664" 185 2 66 44 6 9 3 1 1 0 3
"665" 99 2 63 43 9 13.5 7 0 0 1 1
"666" 118 2 63 37 8 14.5 5 1 0 1 3
"667" 107 2 67 41 9 12.5 10 1 0 1 2
"668" 134 2 69 47 8 5 10 1 0 1 4
"669" 104 2 72 46 11 12.5 10 0 1 0 3
"670" 105 2 68 46 8 15.5 10 1 0 0 1
"671" 112 2 63 45 7 13.5 7 0 0 1 1
"672" 107 2 68 46 8 10.5 10 0 0 1 3
"673" 94 2 65 40 8 14.5 15 1 0 1 2
"674" 87 2 63 42 7 13.5 7 1 0 1 6
"675" 105 2 66 44 7 13.5 10 1 0 1 6
"676" 139 2 68 46 8 9 5 1 0 1 4
"677" 94 2 64 43 9 12 7 1 0 1 5
"678" 180 2 72 45 10 3 3 1 1 1 1
"679" 135 2 68 32 13 3 10 1 1 1 1
"680" 140 2 68 44 10 5 7 1 0 1 4
"681" 120 2 65 44 8 9 5 1 0 1 4
"682" 93 2 63 40 8 11 12 1 0 1 5
"683" 106 2 68 47 8 13.5 7 0 0 1 6
"684" 108 2 73 51 8 12.5 15 0 1 1 3
"685" 95 2 64 39 8 12.5 10 1 0 0 2
"686" 128 2 72 53 8 3 10 1 1 0 1
"687" 154 2 72 42 11 6.5 5 1 0 1 2
"688" 129 2 69 42 9 14.5 15 1 0 1 3
"689" 190 2 72 46 10 9 5 1 1 1 4
"690" 145 2 73 43 11 9 10 0 0 1 4
"691" 110 2 65 45 7 13.5 7 1 0 1 1
"692" 75 2 65 45 7 14.5 10 0 0 1 3
"693" 87 2 64 45 9 15.5 12 1 0 0 1
"694" 120 2 64 46 6 7 3 1 0 1 4
"695" 107 2 64 44 9 15.5 5 1 0 1 1
"696" 115 2 64 45 7 13.5 5 1 0 1 1
"697" 110 2 66 45 10 11.5 10 1 0 1 6
"698" 96 2 65 45 7 12.5 15 1 1 1 2
"699" 95 2 66 44 10 14.5 7 0 0 1 3
"700" 110 2 70 40 6 12 2 1 1 0 8
"701" 113 2 70 50 9 6 10 1 0 0 6
"702" 130 2 73 41 10 12 5 0 0 1 7
"703" 108 2 66 44 9 12 5 1 0 1 7
"704" 94 2 65 45 7 17 10 1 0 0 2
"705" 92 2 66 44 9 11.5 7 1 0 0 6
"706" 108 2 66 43 7 17 2 1 0 1 4
"707" 223 2 63 38 7 7.5 3 1 1 1 3
"708" 138 2 66 44 9 4.5 2 1 0 1 8
"709" 120 2 68 47 8 12.5 5 0 0 0 3
"710" 115 2 69 46 6 12 5 1 1 1 8
"711" 109 2 66 46 8 15.5 5 1 0 1 1
"712" 130 2 67 46 7 9 5 1 1 1 4
"713" 92 2 63 38 8 12 10 0 0 1 8
"714" 103 2 64 40 8 10.5 10 0 0 0 3
"715" 94 2 63 38 8 17 12 1 0 0 2
"716" 156 2 70 48 7 9 2 1 1 1 4
"717" 99 2 65 44 7 10.5 5 1 0 1 3
"718" 87 2 63 45 6 10 10 1 0 0 6
"719" 155 2 72 52 7 3 5 0 0 1 1
"720" 105 2 66 46 11 12 7 1 0 0 5
"721" 130 2 72 44 10 6 5 1 0 0 6
"722" 165 2 69 47 7 4.5 5 0 1 1 8
"723" 200 2 71 46 8 4.5 5 1 1 0 8
"724" 123 2 66 43 8 10 5 1 1 1 6
"725" 129 2 66 44 9 9 15 1 0 0 4
"726" 104 2 72 48 9 10.5 10 1 0 0 3
"727" 145 2 71 43 8 9 5 1 1 0 3
"728" 135 2 72 45 10 14.5 2 1 0 1 2
"729" 138 2 66 44 14 4.5 2 1 0 1 8
"730" 108 2 66 42 6 3.5 3 1 1 0 7
"731" 110 2 71 43 10 14.5 20 0 0 1 3
"732" 108 2 64 43 9 3.5 10 0 0 0 7
"733" 103 2 70 44 10 15.5 7 1 0 1 1
"734" 107 2 67 46 8 13.5 7 0 0 1 1
"735" 210 2 71 45 15 9 1 1 1 1 4
"736" 138 2 69 45 9 4.5 5 1 0 1 8
"737" 144 2 66 45 8 9 7 1 1 1 3
"738" 89 2 64 39 8 14.5 5 0 0 0 2
"739" 120 2 68 45 8 10.5 5 0 0 1 3
"740" 105 2 68 41 8 17 5 1 0 0 2
"741" 92 2 68 44 10 10.5 10 0 0 1 7
"742" 101 2 65 44 8 11.5 7 1 0 1 6
"743" 140 2 68 47 8 9 5 1 1 1 4
"744" 82 2 70 40 8 17 7 0 0 1 2
"745" 110 2 67 45 8 13.5 5 0 0 1 1
"746" 120 2 64 43 7 9 5 0 0 1 4
"747" 150 2 71 44 9 8 5 1 1 1 1
"748" 102 2 65 44 7 15.5 5 1 0 1 1
"749" 90 2 66 43 9 15.5 10 1 0 0 1
"750" 130 2 70 45 9 10.5 15 1 0 1 3
"751" 90 2 63 44 6 17 5 1 0 1 2
"752" 95 2 63 39 8 17 1 1 0 1 2
"753" 110 2 67 41 9 13.5 10 0 0 0 6
"754" 98 2 64 43 7 12 15 1 0 1 7
"755" 95 2 72 43 12 12.7 7 0 0 0 5
"756" 140 2 68 46 7 9 10 1 0 1 4
"757" 100 2 72 42 10 14.5 20 0 0 0 3
"758" 105 2 64 40 7 7 10 1 0 0 4
"759" 110 2 71 44 8 15.5 7 0 0 1 1
"760" 95 2 65 46 8 13.5 7 0 0 0 6
"761" 190 2 73 41 11 3.5 1 1 1 1 7
"762" 97 2 68 46 8 12 5 1 0 1 5
"763" 95 2 72 44 10 12.7 10 1 0 0 5
"764" 94 2 64 45 7 14.5 3 1 0 1 2
"765" 100 2 65 39 8 14.5 10 0 0 1 2
"766" 105 2 65 40 7 17 10 1 0 0 2
"767" 108 2 69 36 9 12.5 5 0 0 0 3
"768" 120 2 65 38 7 11 10 1 1 1 8
"769" 135 2 72 49 8 8 5 0 1 1 1
"770" 163 2 73 48 9 7.5 5 0 1 1 8
"771" 85 2 67 46 6 12 15 1 0 1 5
"772" 110 2 68 45 6 12.5 10 1 0 1 2
"773" 120 2 64 43 6 11.5 2 1 1 1 6
"774" 105 2 72 43 10 13 10 1 0 0 5
"775" 95 2 65 45 7 15.5 7 1 0 1 1
"776" 113 2 63 42 9 7 5 0 0 1 4
"777" 150 2 66 47 9 7 3 1 0 1 4
"778" 119 2 66 45 8 7 7 0 1 0 4
"779" 117 2 70 39 8 12.5 12 1 1 1 2
"780" 140 2 67 46 8 8 5 1 0 0 1
"781" 115 2 73 52 9 10.5 15 1 1 1 3
"782" 150 2 70 50 9 7.5 7 1 1 1 3
"783" 98 2 63 39 7 14.5 10 0 0 0 3
"784" 95 2 64 45 7 14.5 10 1 0 1 2
"785" 108 2 66 43 11 13.5 10 1 0 1 6
"786" 130 2 64 35 6 9 1 1 1 1 4
"787" 92 2 63 39 8 14.5 5 0 0 0 2
"788" 115 2 66 40 8 12.5 5 1 0 0 2
"789" 110 2 73 45 10 15.5 10 1 0 1 1
"790" 115 2 64 45 7 13.5 7 1 0 1 1
"791" 108 2 66 43 7 17 5 1 0 1 4
"792" 110 2 68 46 8 13.5 10 0 0 1 6
"793" 90 2 65 46 7 14.5 5 1 0 1 2
"794" 115 2 65 45 6 13.5 7 1 0 1 1
"795" 210 2 72 49 7 7.5 5 1 1 1 3
"796" 135 2 65 39 7 12 15 0 0 0 7
"797" 105 2 67 45 8 7.5 5 0 0 0 8
"798" 125 2 68 48 7 3 15 1 1 1 1
"799" 108 2 67 45 8 14.5 5 0 0 1 2
"800" 99 2 65 46 6 17 7 1 0 1 2
"801" 138 2 66 44 9.5 4.5 3 1 0 1 8
"802" 127 2 73 43 11 13 5 1 1 1 5
"803" 162 2 71 49 9 9 10 1 1 1 3
"804" 105 2 63 39 8 12.5 10 1 0 1 2
"805" 98 2 65 44 9 14.5 7 0 0 1 3
"806" 112 2 65 44 9 13.5 1 1 0 0 1
"807" 88 2 63 37 8 13 5 0 0 1 5
"808" 175 2 70 40 8 3 5 1 1 1 1
"809" 130 2 68 41 10 10.5 5 0 0 1 3
"810" 94 2 64 45 6 12.5 12 1 0 1 2
"811" 113 2 69 47 8 17 3 1 0 1 4
"812" 100 2 64 41 7 12 5 1 0 1 7
"813" 118 2 68 49 11 7.5 7 1 0 0 8
"814" 93 2 65 39 8 12.5 7 0 0 1 2
"815" 101 2 66 39 8 17 10 1 0 1 2
"816" 98 2 64 43 7 17 5 0 0 1 2
"817" 153 2 66 43 9 5 10 1 1 1 4
"818" 127 2 65 43 7 9 5 0 0 1 4
"819" 103 2 67 43 9 15.5 7 1 0 1 1
"820" 109 2 67 45 11 13.5 5 0 0 1 1
"821" 94 2 64 45 6 17 15 1 0 1 2
"822" 92 2 63 38 8 12 10 0 0 1 7
"823" 95 2 63 39 8 12 10 1 0 1 7
"824" 89 2 64 45 6 12.5 15 1 0 1 2
"825" 85 2 69 48 6 12 10 0 0 1 7
"826" 130 2 65 44 9 9 5 1 0 1 4
"827" 80 2 68 42 8 13.5 7 1 0 0 6
"828" 135 2 72 43 9 10.5 15 1 0 0 3
"829" 165 2 65 45 9 9 10 1 1 1 3
"830" 104 2 67 43 11 12 15 1 0 1 7
"831" 135 2 65 38 8 7.5 10 1 1 1 3
"832" 103 2 64 45 7 13.5 15 1 0 1 1
"833" 160 2 72 50 9 7.5 5 0 1 1 8
"834" 215 2 67 42 9 7.5 3 1 1 1 3
"835" 72 2 64 43 7 6 7 1 0 1 6
"836" 180 2 71 47 7 7.5 10 1 1 1 3
"837" 97 2 64 45 7 13.5 10 1 0 1 1
"838" 156 2 70 48 7 9 2 1 0 1 4
"839" 113 2 73 52 8 7.5 5 0 1 0 8
"840" 155 2 73 49 9 10.5 15 1 1 1 3
"841" 135 2 70 40 9 15.5 10 1 0 1 1
"842" 89 2 65 40 8 13 7 0 0 1 5
"843" 110 2 66 43 7 13.5 15 0 0 1 1
"844" 152 2 73 48 8 3 15 1 1 1 1
"845" 130 2 73 47 9 11 10 1 1 1 5
"846" 115 2 64 38 8 14.5 7 1 0 1 3
"847" 140 2 73 44 10 10.5 5 1 1 0 3
"848" 95 2 72 43 12 12.7 7 0 0 0 5
"849" 145 2 69 47 7 3.5 10 1 1 1 7
"850" 108 2 64 40 9 12 10 0 0 1 1
"851" 128 2 68 50 9 12.5 5 0 0 1 3
"852" 105 2 65 47 9 12.5 5 1 0 1 2
"853" 94 2 63 39 8 14.5 5 0 0 1 2
"854" 99 2 72 43 10 12.7 10 1 0 1 5
"855" 138 2 65 44 9 4.5 2 1 0 1 8
"856" 85 2 64 45 6 13 5 0 0 1 5
"857" 145 2 72 50 7 4.5 5 1 1 0 8
"858" 126 2 68 47 8 8 5 0 0 1 1
"859" 105 2 65 40 8 13.5 7 1 0 1 6
"860" 180 2 71 42 8 7 15 0 0 1 4
"861" 105 2 63 42 8 12 15 1 1 1 1
"862" 95 2 65 47 8 13.5 5 1 0 1 6
"863" 105 2 65 40 8 17 10 1 0 1 2
"864" 180 2 73 46 10 7.5 3 1 1 1 3
"865" 125 2 64 43 7 4.5 10 1 0 1 8
"866" 110 2 65 40 8 12.5 5 1 0 0 2
"867" 139 2 72 45 9 10.5 7 1 0 1 7
"868" 112 2 68 41 10 12 10 1 0 1 7
"869" 94 2 64 38 9 12 11 0 0 1 7
"870" 105 2 68 43 9 13.5 10 1 0 1 6
"871" 95 2 63 42 8 3.5 5 1 1 1 7
"872" 96 2 68 45 10 12.5 15 0 0 1 3
"873" 112 2 68 44 9 7.5 7 1 0 1 8
"874" 114 2 68 44 8 10.5 10 1 0 1 7
"875" 98 2 70 39 9 11.5 2 1 0 0 6
"876" 90 2 72 53 10 11.5 5 0 1 1 6
"877" 155 2 64 36 8 8 7 1 1 0 1
"878" 147 2 65 46 8 3 10 1 0 1 1
"879" 110 2 63 43 9 15.5 3 1 0 0 1
"880" 95 2 68 45 9 14.5 10 0 0 1 2
"881" 93 2 64 38 8 14.5 10 1 0 1 2
"882" 116 2 66 47 8 12 10 0 0 1 7
"883" 150 2 67 39 8 12 5 1 0 1 8
"884" 103 2 63 38 9 12.5 10 1 0 1 2
"885" 91 2 65 39 8 13 5 0 0 1 5
"886" 118 2 64 43 9 10.5 7 0 0 1 3
"887" 105 2 63 43 7 10.5 15 1 0 1 3
"888" 110 2 67 44 9 11.5 10 0 0 1 6
"889" 116 2 68 43 8 6.5 10 1 1 1 5
"890" 120 2 69 45 9 7.5 5 1 0 0 8
"891" 118 2 71 41 8 12 15 0 0 1 7
"892" 118 2 63 38 8 14.5 5 1 0 1 3
"893" 120 2 67 46 10 9 10 1 0 1 4
"894" 96 2 63 38 8 12.5 15 1 0 1 2
"895" 140 2 66 43 7 8 10 0 0 1 1
"896" 145 2 73 50 9 9 7 1 1 0 3
"897" 115 2 65 39 8 13 10 0 0 1 5
"898" 107 2 72 43 10 13 5 0 0 0 5
"899" 95 2 67 45 10 12 10 0 0 1 8
"900" 160 2 68 40 9 9 10 1 1 1 4
"901" 106 2 72 52 9 11.5 7 0 1 1 6
"902" 111 2 64 40 7 17 10 1 0 0 2
"903" 118 2 72 43 10 12.7 2 1 0 0 5
"904" 155 2 72 53 8 3 10 1 1 1 1
"905" 112 2 66 44 7 8 20 1 0 1 1
"906" 100 2 66 44 6 12.5 10 1 0 1 2
"907" 163 2 72 43 9 7 10 0 1 1 4
"908" 95 2 63 40 8 12.5 10 1 0 1 2
"909" 106 2 63 44 7 12.5 10 1 0 1 2
"910" 93 2 64 44 6 17 5 1 0 1 2
"911" 164 2 72 48 7 3.5 5 1 1 1 7
"912" 140 2 66 42 8 7 2 1 1 0 4
"913" 92 2 70 50 6 12 5 0 0 1 7
"914" 107 2 73 47 9 17 15 0 1 0 2
"915" 200 2 72 46 9 9 10 1 1 1 3
"916" 105 2 66 44 7 13.5 7 1 0 1 6
"917" 108 2 66 44 7 17 5 1 0 1 4
"918" 128 2 65 44 7 9 5 0 0 1 4
"919" 130 2 72 44 9 6 5 1 1 1 6
"920" 110 2 65 39 9 12.5 2 1 0 0 2
"921" 120 2 67 45 7 13.5 10 1 0 1 1
"922" 106 2 67 45 9 12 7 0 0 1 7
"923" 137 2 69 44 10 9 10 1 0 1 4
"924" 89 2 64 45 7 12 5 1 0 1 5
"925" 79 2 65 45 7 6 7 1 0 1 6
"926" 105 2 66 44 7 13.5 7 0 0 1 1
"927" 107 2 69 45 10 12 10 1 0 1 7
"928" 110 2 65 44 8 10.5 10 1 1 1 7
"929" 115 2 68 43 9 6.5 5 1 0 1 2
"930" 93 2 64 45 7 14.5 3 1 0 1 2
"931" 140 2 70 51 8 12.5 10 1 1 1 8
"932" 94 2 64 45 7 14.5 10 0 0 1 3
"933" 120 2 63 40 8 6 7 1 1 1 6
"934" 135 2 73 53 8 11 15 1 1 1 8
"935" 105 2 73 45 8 11 10 1 0 0 5
"936" 155 2 73 49 9 10.5 15 1 1 1 3
"937" 129 2 72 44 10 6 5 1 0 0 6
"938" 140 2 67 46 9 8 15 1 0 1 1
"939" 112 2 66 41 8 17 5 1 0 0 2
"940" 123 2 70 47 8 12 7 0 0 1 7
"941" 115 2 65 47 8 13.5 3 1 1 1 1
"942" 115 2 64 38 8 17 5 1 0 1 2
"943" 95 2 63 38 8 12.5 5 1 0 1 2
"944" 128 2 68 44 11 4.5 12 1 0 0 8
"945" 90 2 64 39 9 6 5 0 1 1 6
"946" 98 2 66 44 7 11.5 10 1 0 1 6
"947" 125 2 63 43 6 17 5 1 1 1 4
"948" 112 2 67 38 7 10.5 10 0 1 1 3
"949" 160 2 73 41 8 7 5 0 0 0 4
"950" 122 2 64 46 8 12.5 7 0 0 1 3
"951" 179 2 73 47 6 3 10 1 1 1 1
"952" 210 2 71 45 6 9 1 1 1 1 4
"953" 145 2 63 41 8 3.5 3 1 0 1 7
"954" 199 2 70 46 8 7.5 7 1 1 1 3
"955" 105 2 64 38 8 14.5 10 0 0 1 2
"956" 119 2 68 45 8 6 10 1 0 1 6
"957" 99 2 66 41 8 13.5 15 1 1 1 1
"958" 92 2 63 38 8 14.5 5 0 0 0 2
"959" 92 2 65 45 7 12.5 5 1 0 1 2
"960" 85 2 65 46 7 13 7 0 0 1 5
"961" 95 2 65 46 8 12.5 10 1 0 1 2
"962" 96 2 65 40 8 14.5 15 1 0 0 2
"963" 170 2 68 39 10 4.5 10 1 1 0 8
"964" 115 2 67 42 9 3.5 7 1 1 1 7
"965" 108 2 65 40 8 17 5 1 0 1 2
"966" 197 2 70 46 7 4.5 3 1 1 1 8
"967" 102 2 64 47 6 17 10 1 0 1 4
"968" 103 2 64 44 10 15.5 7 1 0 1 1
"969" 91 2 64 45 7 14.5 10 1 0 1 2
"970" 145 2 69 43 7 3.5 3 1 1 1 7
"971" 150 2 69 46 8 7.5 7 1 1 1 3
"972" 94 2 72 46 10 14.5 9 0 0 1 3
"973" 110 2 67 49 6 12.5 10 1 1 0 3
"974" 90 2 67 40 8 12 5 1 0 1 5
"975" 95 2 66 39 8 14.5 15 1 0 1 2
"976" 100 2 65 41 8 14.5 5 0 0 1 2
"977" 98 2 65 44 7 11.5 15 1 0 1 6
"978" 98 2 72 44 7 11.5 7 1 1 0 6
"979" 112 2 72 51 8 6.5 5 1 1 0 5
"980" 105 2 66 40 8 17 5 1 0 1 2
"981" 160 2 69 47 8 3 10 1 1 1 1
"982" 137 2 70 45 8 10.5 10 1 1 1 3
"983" 115 2 68 46 8 13.5 10 1 0 1 1
"984" 105 2 65 39 8 17 10 1 0 0 2
"985" 130 2 72 45 10 11.5 10 1 0 0 6
"986" 95 2 65 46 7 12.5 15 1 0 1 2
"987" 112 2 72 50 9 17 10 1 1 0 2
"988" 105 2 72 52 8 6 15 0 1 1 6
"989" 125 2 66 40 10 12 20 1 0 1 8
"990" 99 2 65 40 8 12.5 10 1 0 1 2
"991" 100 2 64 38 8 14.5 15 0 0 1 2
"992" 93 2 70 50 9 12.5 10 1 0 0 2
"993" 96 2 63 45 6 12.5 10 1 0 1 2
"994" 150 2 68 46 9 12 5 1 1 1 8
"995" 105 2 67 48 8 13.5 15 1 0 1 6
"996" 78 2 64 39 8 7 10 0 0 1 5
"997" 93 2 64 45 7 14.5 3 1 0 1 2
"998" 179 2 65 45 8 9 5 1 1 1 3
"999" 115 2 68 46 7 14.5 15 1 0 1 3
"1000" 105 2 66 40 8 12.5 5 1 0 1 2
"1001" 160 2 68 44 8 17 5 1 0 1 2
"1002" 133 2 65 47 8 12.5 5 1 0 1 3
"1003" 115 2 65 39 9 12.5 3 1 0 0 2
"1004" 185 2 68 47 8 4.5 5 1 1 1 8
"1005" 110 2 63 38 8 17 10 1 0 1 2
"1006" 104 2 73 44 10 13 5 0 0 1 5
"1007" 95 2 72 43 12 12.7 10 0 0 0 5
"1008" 142 2 70 45 9 3.5 3 1 0 1 7
"1009" 88 2 72 51 9 11.5 10 0 1 1 6
"1010" 93 2 70 40 10 12 10 1 0 0 5
"1011" 104 2 67 44 10 11.5 8 1 0 1 6
"1012" 105 2 67 45 9 12 7 0 0 1 7
"1013" 126 2 64 44 7 8 2 1 0 0 1
"1014" 98 2 68 44 8 10.5 10 1 0 1 7
"1015" 95 2 64 45 7 17 5 1 0 1 2
"1016" 114 2 73 44 10 13.5 10 0 0 0 6
"1017" 129 2 64 39 9 13.5 5 0 0 1 1
"1018" 97 2 63 44 7 11.5 5 1 0 0 6
"1019" 97 2 72 43 10 12.7 10 0 0 1 5
"1020" 103 2 64 45 7 15.5 5 1 0 1 1
"1021" 137 3 76 50 9 11 7 1 1 1 8
"1022" 115 3 77 50 9 3.5 7 1 0 0 7
"1023" 110 3 75 50 10 13.5 10 0 0 1 6
"1024" 175 3 79 50 9 4.5 1 1 1 0 8
"1025" 110 3 75 43 10 12.7 5 1 0 1 5
"1026" 120 3 77 47 12 13.5 10 1 0 1 1
"1027" 132 3 77 41 10 10 7 0 0 1 6
"1028" 185 3 75 47 9 3 3 1 1 0 1
"1029" 115 3 77 50 9 6 10 1 1 1 6
"1030" 129 3 79 46 13 12 15 1 0 1 1
"1031" 101 3 77 45 13 13 10 0 0 1 5
"1032" 115 3 75 42 8 12 15 0 0 1 7
"1033" 112 3 75 42 10 12 5 0 0 1 5
"1034" 193 3 78 55 8 7.5 10 1 0 1 3
"1035" 135 3 77 47 10 13.5 10 0 0 1 1
"1036" 100 3 78 44 8 13.5 20 0 0 1 1
"1037" 105 3 79 52 10 14.5 10 0 0 0 3
"1038" 125 3 77 45 10 12 10 1 0 1 5
"1039" 137 3 74 44 10 15.5 8 0 0 1 1
"1040" 130 3 75 44 11 13.5 10 0 0 1 1
"1041" 158 3 78 48 9 9 4 1 1 1 4
"1042" 116 3 75 51 9 3.5 5 0 1 0 7
"1043" 140 3 76 44 10 12.5 5 1 0 1 2
"1044" 110 3 77 46 11 13 2 1 0 1 5
"1045" 136 3 78 46 10 12.5 5 0 0 0 2
"1046" 138 3 77 45 10 13 5 0 0 1 5
"1047" 152 3 79 53 8 9 3 1 0 1 4
"1048" 120 3 74 40 12 12.7 7 1 1 1 5
"1049" 149 3 78 48 13 4.5 5 1 1 1 8
"1050" 115 3 78 54 8 11.5 10 1 1 1 6
"1051" 115 3 74 45 10 13 15 1 0 1 5
"1052" 99 3 76 45 10 12 10 1 0 1 5
"1053" 113 3 75 45 10 12 7 1 0 1 5
"1054" 110 3 76 46 10 13 7 1 0 1 5
"1055" 145 3 78 50 10 12 3 1 0 1 5
"1056" 153 3 76 46 10 9 5 0 0 1 4
"1057" 107 3 74 44 11 13 5 0 0 0 5
"1058" 100 3 77 52 9 10.5 15 0 1 1 3
"1059" 106 3 76 43 12 13 5 0 0 0 5
"1060" 106 3 76 46 10 13 5 0 0 1 5
"1061" 124 3 78 55 8 13.5 10 1 1 1 1
"1062" 132 3 77 43 8 12.5 5 1 0 1 2
"1063" 130 3 78 54 8 7.5 10 0 0 1 8
"1064" 135 3 76 44 10 12.7 2 1 0 0 5
"1065" 166 3 77 45 11 10.5 15 1 1 1 3
"1066" 110 3 77 45 10 12 10 0 0 1 7
"1067" 120 3 74 44 10 12.7 10 1 0 1 5
"1068" 127 3 76 42 10 13.5 10 0 0 1 6
"1069" 150 3 75 46 11 9 15 1 0 1 4
"1070" 99 3 79 62 6 17 2 1 1 0 4
"1071" 167 3 78 54 8 9 10 1 1 1 3
"1072" 107 3 75 44 8 12 10 1 0 0 5
"1073" 97 3 75 45 10 13 5 0 0 1 5
"1074" 130 3 75 44 8 12.7 3 1 0 1 5
"1075" 115 3 77 46 10 12.7 7 1 0 1 5
"1076" 140 3 76 44 10 12 2 1 0 1 5
"1077" 135 3 77 46 10 12.7 2 1 0 1 5
"1078" 125 3 78 60 11 14.5 10 0 0 1 3
"1079" 122 3 74 50 8 10.5 10 1 1 0 3
"1080" 150 3 78 44 8 13.5 1 1 0 1 1
"1081" 136 3 74 45 10 13.5 5 0 0 1 1
"1082" 105 3 75 45 10 12 7 1 0 1 5
"1083" 93 3 78 46 10 12 15 0 0 1 7
"1084" 110 3 75 52 9 7.5 10 0 1 1 8
"1085" 127 3 77 46 10 12.5 10 1 0 1 2
"1086" 112 3 75 45 10 12 7 1 0 1 5
"1087" 165 3 78 46 10 5 10 1 0 1 4
"1088" 125 3 78 50 9 13.5 15 1 1 0 1
"1089" 120 3 77 44 10 13.5 5 0 1 1 6
"1090" 150 3 77 45 10 5 10 1 0 1 4
"1091" 103 3 77 46 11 13 5 0 0 1 5
"1092" 130 3 74 53 7 4.5 7 1 1 1 8
"1093" 116 3 75 46 10 13.5 10 0 0 1 6
"1094" 93 3 79 45 10 13 7 0 0 0 5
"1095" 127 3 79 45 13 12 3 1 0 1 1
"1096" 143 3 77 42 10 6 5 0 0 1 6
"1097" 105 3 77 46 8 12 15 0 0 0 7
"1098" 177 3 74 45 8 5 15 1 1 1 4
"1099" 145 3 74 45 11 17 10 0 0 1 2
"1100" 147 3 74 49 9 7.5 10 1 1 1 3
"1101" 84 3 76 45 10 17 10 1 0 1 4
"1102" 116 3 75 44 13 12 10 1 0 1 1
"1103" 136 3 76 44 10 14.5 9 0 0 1 3
"1104" 135 3 74 44 10 10.5 7 1 0 0 3
"1105" 135 3 74 51 9 10.5 7 1 1 1 7
"1106" 114 3 75 44 10 13 2 1 0 1 5
"1107" 105 3 78 50 8 9 10 1 1 0 4
"1108" 125 3 75 53 8 11 3 1 1 1 8
"1109" 125 3 78 52 7 11 7 1 1 1 8
"1110" 250 3 74 47 10 3 5 1 1 0 1
"1111" 148 3 74 51 9 7.5 10 1 1 1 3
"1112" 123 3 79 45 13 9 20 1 0 1 4
"1113" 149 3 77 45 9 12 5 1 0 1 1
"1114" 105 3 75 45 10 12 5 0 0 1 5
"1115" 165 3 79 53 9 8 15 1 1 1 1
"1116" 137 3 78 51 9 6 15 1 1 1 6
"1117" 153 3 75 45 10 7 15 1 0 0 4
"1118" 110 3 74 45 10 12.7 7 1 0 1 5
"1119" 250 3 74 56 8 4.5 7 1 1 1 8
"1120" 140 3 78 46 11 12 5 1 0 1 8
"1121" 160 3 79 51 12 3 8 1 1 1 1
"1122" 150 3 77 42 8 6 15 1 0 1 6
"1123" 100 3 78 45 10 13 7 1 0 1 5
"1124" 112 3 76 54 8 10.5 15 1 1 0 7
"1125" 100 3 75 45 10 13 5 0 0 1 5
"1126" 165 3 78 47 9 5 10 1 1 1 4
"1127" 113 3 77 50 8 12.5 15 0 1 0 3
"1128" 131 3 76 45 10 12 7 1 0 1 1
"1129" 110 3 77 46 9 13 5 1 0 0 5
"1130" 135 3 79 48 9 10.5 5 1 1 0 7
"1131" 140 3 77 45 10 10 5 1 0 1 6
"1132" 120 3 77 45 10 13 10 1 0 1 5
"1133" 128 3 75 45 10 17 3 1 1 1 2
"1134" 150 3 78 45 10 14.5 10 0 0 1 3
"1135" 130 3 77 47 11 11 7 1 0 1 5
"1136" 135 3 78 44 11 12.7 10 1 0 1 5
"1137" 155 3 75 46 10 12 5 1 0 1 8
"1138" 120 3 76 45 10 13 10 1 0 1 5
"1139" 110 3 77 46 10 6 10 0 0 1 6
"1140" 112 3 79 45 8 11.5 2 1 1 1 6
"1141" 120 3 74 45 10 13 15 1 0 1 5
"1142" 115 3 76 40 11 12.7 10 1 0 1 5
"1143" 120 3 75 43 10 17 10 1 0 1 2
"1144" 98 3 74 44 10 12 15 1 0 0 7
"1145" 158 3 78 48 12 9 4 1 1 1 4
"1146" 109 3 79 45 13 14.5 5 0 1 1 3
"1147" 132 3 76 43 8 12.5 5 1 0 1 2
"1148" 120 3 77 43 8 10.5 10 0 0 1 3
"1149" 115 3 76 45 10 12 15 0 0 1 7
"1150" 165 3 74 41 9 6.5 5 1 1 1 2
"1151" 125 3 77 46 10 10.5 15 1 0 1 7
"1152" 118 3 78 52 9 11 5 1 1 1 5
"1153" 105 3 75 45 10 14.5 10 0 0 1 3
"1154" 150 3 76 45 10 12 5 1 0 1 1
"1155" 143 3 75 45 9 10.5 7 1 0 1 3
"1156" 135 3 75 46 10 7 12 0 0 1 4
"1157" 170 3 76 50 10 5 5 1 1 1 4
"1158" 110 3 77 40 11 12.7 15 1 0 1 5
"1159" 130 3 78 46 10 14.5 7 1 0 1 2
"1160" 124 3 77 44 10 14.5 5 0 0 1 2
"1161" 110 3 76 45 10 13 10 1 0 1 5
"1162" 157 3 75 53 10 12.5 5 1 0 1 2
"1163" 162 3 75 52 12 3.5 5 1 1 1 7
"1164" 125 3 75 52 9 10.5 5 0 1 1 3
"1165" 112 3 77 45 10 17 10 0 0 1 2
"1166" 147 3 76 46 10 12 3 1 0 1 8
"1167" 105 3 75 46 10 13 7 0 0 0 5
"1168" 110 3 75 52 9 11.5 10 1 1 0 6
"1169" 175 3 79 47 9 14.5 7 1 1 1 3
"1170" 98 3 74 46 11 12.5 10 0 1 0 3
"1171" 140 3 78 46 9 10.5 10 1 1 1 7
"1172" 115 3 77 51 7 5 5 1 1 0 4
"1173" 165 3 77 44 10 8 10 1 0 1 1
"1174" 168 3 75 46 10 6.5 1 1 1 1 2
"1175" 105 3 74 45 10 13 10 1 0 0 5
"1176" 140 3 74 45 10 12.5 2 1 0 1 2
"1177" 113 3 76 46 10 13 7 1 0 1 5
"1178" 100 3 77 41 10 12.7 10 1 0 1 5
"1179" 108 3 75 50 10 12 3 1 0 1 5
"1180" 130 3 75 48 13 12.7 5 0 0 1 5
"1181" 130 3 77 53 9 7 8 1 1 1 4
"1182" 167 3 74 43 10 14.5 5 1 0 1 2
"1183" 114 3 75 54 7 12 7 1 1 1 7
"1184" 145 3 76 48 9 13.5 10 0 0 1 6
"1185" 105 3 77 54 8 10.5 12 1 0 0 7
"1186" 105 3 78 44 10 13 15 1 0 1 5
"1187" 116 3 77 45 10 6 7 0 0 1 6
"1188" 150 3 76 45 10 7 10 0 0 1 4
"1189" 179 3 77 43 10 8 10 1 0 1 1
"1190" 120 3 76 51 9 13.5 5 1 0 1 6
"1191" 100 3 79 51 10 13.5 10 0 0 1 6
"1192" 158 3 78 49 14 9 4 1 1 1 4
"1193" 155 3 74 43 10 9 5 0 0 1 4
"1194" 140 3 78 45 10 12 2 1 0 1 7
"1195" 115 3 76 54 9 13 5 1 0 0 5
"1196" 100 3 78 44 9 13.5 20 0 0 1 1
"1197" 102 3 74 43 10 17 12 0 0 1 2
"1198" 103 3 76 45 10 13 5 0 0 1 5
"1199" 113 3 78 44 10 12 10 1 1 0 5
"1200" 125 3 78 53 8 8 10 1 0 0 1
"1201" 117 3 77 44 10 17 3 1 0 0 2
"1202" 135 3 75 46 10 11 10 1 0 1 5
"1203" 116 3 76 45 10 7 10 1 0 1 5
"1204" 131 3 74 42 10 13.5 10 1 0 1 1
"1205" 108 3 78 46 10 12.7 10 1 0 1 5
"1206" 140 3 74 53 8 11 5 1 1 1 8
"1207" 136 3 78 48 9 12.5 15 1 0 1 2
"1208" 145 3 75 46 10 7 10 0 0 1 4
"1209" 102 3 76 46 10 12 15 0 0 0 7
"1210" 128 3 78 54 9 6.5 5 1 0 1 5
"1211" 135 3 76 44 9 5 7 1 1 1 4
"1212" 114 3 79 45 13 14.5 7 0 0 1 3
"1213" 112 3 77 45 10 10 7 0 0 1 6
"1214" 115 3 75 47 10 13 10 1 0 1 5
"1215" 165 3 74 41 9 6.5 5 1 1 1 2
"1216" 105 3 77 45 10 14.5 10 0 0 1 3
"1217" 120 3 77 45 10 13.5 5 0 0 1 6
"1218" 115 3 76 45 11 12 5 1 0 1 1
"1219" 107 3 75 53 9 11.5 10 1 1 0 6
"1220" 118 3 78 46 10 13.5 10 1 0 1 6
"1221" 123 3 77 45 10 17 7 1 0 1 2
"1222" 109 3 75 45 10 13.5 5 1 0 0 1
"1223" 125 3 76 45 10 13.5 10 0 0 1 6
"1224" 140 3 76 44 10 12.5 5 1 0 1 2
"1225" 135 3 76 50 8 10.5 15 1 0 1 3
"1226" 135 3 77 50 8 10.5 10 0 1 1 3
"1227" 170 3 75 48 7 7.5 3 1 1 1 3
"1228" 125 3 77 40 11 13 10 0 1 1 5
"1229" 95 3 75 43 11 14.5 10 0 0 1 3
"1230" 190 3 77 54 9 9 5 0 1 1 3
"1231" 160 3 77 48 8 12 7 1 1 0 8
"1232" 95 3 76 45 10 14.5 10 0 0 1 3
"1233" 110 3 75 53 10 10.5 15 1 0 0 7
"1234" 112 3 79 47 10 17 10 1 0 1 4
"1235" 185 3 78 53 8 7.5 15 1 1 1 8
"1236" 185 3 76 43 10 8 10 1 0 1 1
"1237" 115 3 75 42 8 12 15 0 0 1 7
"1238" 97 3 76 45 10 12 10 1 1 1 5
"1239" 110 3 77 46 9 15.5 3 1 0 1 1
"1240" 113 3 75 45 10 13 10 1 0 1 5
"1241" 100 3 75 45 10 13 5 0 0 1 5
"1242" 136 3 74 45 10 10 15 1 0 0 6
"1243" 125 3 76 45 10 15.5 10 0 0 1 1
"1244" 89 3 79 52 10 15.5 10 1 0 1 1
"1245" 100 3 75 45 10 12 10 1 1 1 5
"1246" 109 3 79 45 13 14.5 5 0 0 1 3
"1247" 185 3 75 48 10 7 3 1 1 1 4
"1248" 112 3 74 44 11 12.7 10 1 0 1 5
"1249" 120 3 75 45 10 14.5 10 0 0 1 3
"1250" 127 3 79 46 10 17 5 1 0 1 2
"1251" 155 3 77 50 8 8 5 0 1 1 1
"1252" 105 3 78 54 9 11 10 1 1 1 5
"1253" 165 3 74 46 10 5 10 1 0 1 4
"1254" 110 3 76 45 10 14.5 10 0 0 1 3
"1255" 132 3 78 46 10 12.5 12 1 0 0 2
"1256" 105 3 75 42 8 13.5 10 0 0 1 6
"1257" 118 3 74 52 9 7.5 7 0 1 1 8
"1258" 112 3 74 52 7 11 5 1 1 0 8
"1259" 130 3 78 46 11 13.5 10 1 0 1 1
"1260" 125 3 77 44 10 14.5 7 1 0 1 2
"1261" 158 3 78 51 8 9 7 1 1 1 4
"1262" 140 3 75 40 11 13 5 0 0 1 5
"1263" 100 3 77 45 8 12 15 0 0 0 7
"1264" 130 3 79 44 10 13.5 10 0 0 1 6
"1265" 156 3 79 54 8 9 10 1 1 1 3
"1266" 185 3 79 47 10 3 3 1 1 1 1
"1267" 122 3 75 46 11 13.5 15 1 0 1 6
"1268" 210 3 79 53 8 7 5 1 1 1 4
"1269" 115 3 74 45 10 12.7 15 1 0 1 5
"1270" 170 3 79 50 9 4.5 2 1 0 0 8
"1271" 130 3 76 46 11 13 5 0 0 1 5
"1272" 138 3 79 47 10 7 10 0 0 1 4
"1273" 135 3 79 45 13 15.5 7 1 0 1 1
"1274" 150 3 76 50 8 9 7 1 1 1 4
"1275" 150 3 78 46 10 9 10 0 0 1 4
"1276" 125 3 78 45 10 12 7 0 0 1 7
"1277" 114 3 74 44 11 12.7 10 1 0 1 5
"1278" 130 3 79 45 10 12 5 1 0 1 5
"1279" 110 3 75 45 10 12.7 10 1 0 1 5
"1280" 120 3 77 51 12 4.5 7 0 1 1 8
"1281" 105 3 76 40 11 12.7 5 0 0 1 5
"1282" 95 3 77 45 10 13 5 0 0 1 5
"1283" 128 3 77 47 12 11 7 1 0 1 5
"1284" 114 3 75 45 10 12.7 15 0 0 1 5
"1285" 108 3 76 45 10 12 10 0 1 0 7
"1286" 145 3 74 43 10 12.5 10 1 0 1 2
"1287" 107 3 77 46 10 12 10 1 0 1 5
"1288" 164 3 79 51 9 7 5 0 0 1 4
"1289" 180 3 78 52 8 9 1 1 1 1 3
"1290" 110 3 76 50 8 13 10 1 0 1 5
"1291" 140 3 75 46 9 10.5 10 0 0 1 3
"1292" 120 3 75 45 10 13.5 10 0 0 1 6
"1293" 107 3 74 45 10 14.5 15 0 0 1 3
"1294" 130 3 77 48 10 17 5 1 0 1 2
"1295" 110 3 75 44 10 17 5 0 0 0 2
"1296" 108 3 76 46 10 12 10 1 0 1 5
"1297" 125 3 76 47 11 11 7 1 0 1 5
"1298" 155 3 75 45 10 9 15 1 0 1 4
"1299" 118 3 75 44 9 7 5 0 0 1 5
"1300" 126 3 79 44 13 10.5 10 0 0 1 3
"1301" 123 3 74 48 10 12.5 15 1 0 1 2
"1302" 145 3 78 44 10 3.5 2 1 0 1 7
"1303" 150 3 78 50 9 9 5 1 1 1 4
"1304" 113 3 77 44 10 9 7 0 0 1 4
"1305" 105 3 77 40 10 12 15 0 0 1 7
"1306" 130 3 75 45 10 12 10 0 0 1 8
"1307" 165 3 78 46 18 5 10 1 0 1 4
"1308" 110 3 75 43 10 13.5 15 0 0 1 6
"1309" 120 3 75 48 11 3 15 1 1 1 1
"1310" 110 3 74 44 10 13.5 15 0 0 1 6
"1311" 135 3 74 42 10 7.5 5 1 1 1 8
"1312" 128 3 74 43 10 13.5 12 1 0 1 1
"1313" 143 3 74 45 11 11 5 1 0 1 5
"1314" 165 3 75 45 10 12.5 5 1 0 1 2
"1315" 109 3 79 45 13 14.5 7 0 1 1 3
"1316" 97 3 77 47 9 14.5 10 1 0 0 2
"1317" 115 3 77 45 7 9 5 1 0 0 4
"1318" 115 3 74 45 10 13 15 1 0 1 5
"1319" 120 3 76 45 10 12 10 0 0 1 7
"1320" 133 3 75 48 9 3 12 1 1 0 1
"1321" 144 3 76 43 10 13.5 10 0 0 1 6
"1322" 200 3 78 50 7 8 10 1 1 1 1
"1323" 140 3 75 54 8 12 5 1 1 0 8
"1324" 105 3 75 45 10 13 10 0 0 1 5
"1325" 170 3 77 52 7 3 15 1 1 1 1
"1326" 127 3 74 53 8 11 10 1 1 1 8
"1327" 140 3 76 44 11 13.5 10 0 0 1 1
"1328" 145 3 75 45 10 7 15 1 0 1 4
"1329" 98 3 75 50 8 11.5 5 0 0 1 6
"1330" 113 3 78 47 10 12 10 1 0 1 5
"1331" 162 3 78 48 11 6.5 1 1 1 1 2
"1332" 150 3 78 44 10 14.5 15 1 0 1 3
"1333" 119 3 77 40 10 12.7 5 0 0 1 5
"1334" 142 3 77 44 10 7 10 0 0 1 4
"1335" 160 3 79 54 9 7 3 1 0 1 4
"1336" 138 3 77 45 11 10.5 10 1 0 1 7
"1337" 115 3 77 45 7 9 15 1 0 0 4
"1338" 107 3 75 44 10 12.7 10 1 0 1 5
"1339" 110 3 78 48 14 12 10 1 0 1 5
"1340" 120 3 77 48 8 12 15 1 1 1 8
"1341" 117 3 78 45 11 13 10 0 0 1 5
"1342" 125 3 77 51 8 6 3 1 1 1 6
"1343" 103 3 78 54 11 12 15 1 1 0 5
"1344" 135 3 76 45 10 6 7 0 0 1 6
"1345" 120 3 78 43 12 14.5 15 0 0 1 3
"1346" 125 3 79 56 8 7.5 10 1 1 1 8
"1347" 110 3 74 53 8 11 15 1 1 0 8
"1348" 129 3 79 47 8 10.5 15 1 0 1 7
"1349" 122 3 79 48 10 12.7 12 1 0 1 5
"1350" 120 3 74 53 8 10.5 10 1 1 1 7
"1351" 196 3 78 46 10 14.5 5 1 0 1 3
"1352" 135 3 75 43 11 12.7 15 1 0 1 5
"1353" 141 3 74 43 10 15.5 10 0 0 1 1
"1354" 100 3 75 45 10 13.5 5 1 0 0 1
"1355" 108 3 78 47 10 12 3 1 0 0 5
"1356" 131 3 78 46 10 17 5 1 0 1 2
"1357" 104 3 77 45 10 12.7 15 1 0 0 5
"1358" 138 3 79 47 10 7 10 1 0 1 4
"1359" 165 3 78 54 8 9 10 1 1 1 3
"1360" 139 3 74 52 9 10.5 7 1 0 1 7
"1361" 115 3 75 47 8 6.5 15 1 1 0 2
"1362" 140 3 77 46 10 8 10 1 0 1 1
"1363" 142 3 77 44 10 7 10 0 0 1 4
"1364" 130 3 78 53 9 3.5 10 1 1 1 7
"1365" 160 3 75 47 10 9 10 1 1 0 3
"1366" 145 3 76 51 8 3 5 1 1 0 1
"1367" 84 3 74 41 12 7 3 1 0 1 5
"1368" 123 3 75 45 10 12.7 10 1 0 1 5
"1369" 130 3 78 53 13 3.5 10 1 1 1 7
"1370" 125 3 75 46 10 14.5 7 0 0 1 3
"1371" 115 3 74 48 11 13 15 1 0 1 5
"1372" 107 3 75 45 9 13 15 1 0 1 5
"1373" 115 3 79 47 11 12 10 1 0 1 5
"1374" 115 3 77 44 7 12 10 1 1 1 8
"1375" 96 3 76 53 8 6 10 0 1 1 6
"1376" 130 3 77 45 10 12 7 1 0 1 5
"1377" 133 3 75 52 9 3 15 1 1 0 1
"1378" 167 3 74 43 10 14.5 7 1 0 1 2
"1379" 190 3 78 46 10 8 10 1 1 1 1
"1380" 147 3 75 45 10 7 15 1 0 1 4
"1381" 110 3 75 45 10 12 5 0 1 1 5
"1382" 110 3 74 45 12 12.7 1 1 0 0 5
"1383" 137 3 77 54 8 3.5 10 1 1 1 7
"1384" 110 3 76 45 10 14.5 15 0 0 1 3
"1385" 135 3 78 44 10 15.5 10 1 1 1 1
"1386" 145 3 78 47 8 11 8 1 1 1 8
"1387" 135 3 77 41 11 13 10 1 0 1 5
"1388" 127 3 78 46 10 17 5 1 0 1 2
"1389" 215 3 76 55 8 7.5 2 1 1 1 3
"1390" 115 3 78 44 10 12 7 1 0 1 5
"1391" 119 3 74 52 8 10.5 10 1 1 1 7
"1392" 115 3 78 48 10 12 10 0 0 0 7
"1393" 75 3 79 47 8 17 10 0 0 1 2
"1394" 137 3 76 50 15 11 7 1 1 1 8
"1395" 107 3 76 44 9 13 15 1 0 1 5
"1396" 147 3 77 44 10 13 2 1 0 1 5
"1397" 132 3 74 53 7 4.5 7 1 1 1 8
"1398" 108 3 75 54 9 17 5 1 0 0 2
"1399" 113 3 77 46 10 13 15 1 0 1 5
"1400" 145 3 75 45 10 7 15 1 0 1 4
"1401" 118 3 74 44 10 12.7 4 1 0 1 5
"1402" 123 3 75 45 10 12.7 10 1 0 1 5
"1403" 110 3 74 45 10 12 15 0 0 1 7
"1404" 111 3 75 42 11 14.5 3 0 1 1 3
"1405" 130 3 74 50 8 10.5 5 0 1 1 7
"1406" 115 3 78 46 10 12.7 3 1 0 1 5
"1407" 130 3 78 51 8 10.5 10 0 1 1 3
"1408" 127 3 74 44 8 11 10 1 1 0 8
"1409" 105 3 75 50 8 6.5 15 1 1 0 5
"1410" 165 3 78 52 12 7.5 5 0 0 1 8
"1411" 115 3 77 46 10 13.5 10 0 0 1 6
"1412" 113 3 75 51 9 7.5 10 1 1 0 8
"1413" 130 3 79 46 10 13 10 0 1 1 5
"1414" 115 3 74 54 9 11 12 1 1 0 8
"1415" 135 3 74 48 10 7.5 3 1 1 0 3
"1416" 140 3 78 48 11 12.7 8 1 0 1 5
"1417" 159 3 75 48 9 8 10 1 1 1 1
"1418" 125 3 78 44 13 12 5 1 0 1 1
"1419" 105 3 75 45 10 17 7 0 0 1 2
"1420" 103 3 74 45 8 12 5 1 1 0 8
"1421" 118 3 79 45 13 15.5 10 1 0 1 1
"1422" 108 3 79 47 8 14.5 3 0 0 0 2
"1423" 73 3 77 45 10 5 7 1 0 1 4
"1424" 97 3 76 44 10 12 10 1 0 0 5
"1425" 110 3 77 46 8 12 12 0 0 0 7
"1426" 142 3 78 46 9 10.5 10 1 1 1 7
"1427" 126 3 74 43 10 12.5 3 1 0 1 2
"1428" 155 3 75 44 10 9 5 0 1 1 4
"1429" 118 3 75 46 10 17 5 1 0 1 2
"1430" 110 3 79 47 8 14.5 3 0 0 0 2
"1431" 130 3 74 45 10 12 1 1 0 1 1
"1432" 90 3 78 45 10 13.5 10 0 0 1 6
"1433" 103 3 75 45 10 12 5 0 1 1 5
"1434" 250 3 78 47 10 10.5 7 1 0 1 3
"1435" 117 3 78 44 10 12 5 1 0 1 5
"1436" 145 3 74 45 10 15.5 15 1 0 1 1
"1437" 130 3 74 48 12 12 15 1 1 1 8
"1438" 110 3 77 40 12 12.7 15 1 0 1 5
"1439" 114 3 75 44 10 12.7 7 1 0 1 5
"1440" 100 3 76 45 10 12.7 15 1 0 1 5
"1441" 131 3 74 43 10 13.5 15 1 0 1 1
"1442" 116 3 77 45 18 6 7 0 0 1 6
"1443" 100 3 75 45 9 14.5 10 0 0 1 3
"1444" 114 3 77 45 10 12 10 0 0 1 7
"1445" 98 3 79 48 10 12 10 1 1 1 5
"1446" 114 3 76 45 10 12 15 0 0 1 7
"1447" 99 3 75 45 10 14.5 15 0 0 1 3
"1448" 120 3 77 45 10 7 10 1 0 1 4
"1449" 145 3 76 44 24 12.7 2 1 0 0 5
"1450" 220 3 77 49 10 7.5 5 1 1 1 8
"1451" 150 3 78 54 7 3.5 15 0 1 1 7
"1452" 125 3 78 38 11 12.7 10 1 0 1 5
"1453" 127 3 77 40 11 13 10 0 0 1 5
"1454" 125 3 74 45 10 14.5 15 0 0 1 3
"1455" 112 3 76 46 10 12 10 0 0 1 7
"1456" 125 3 77 46 10 13.5 5 0 1 1 6
"1457" 115 3 79 45 13 13 7 0 0 1 5
"1458" 131 3 79 45 12 14.5 5 0 0 1 3
"1459" 123 3 77 46 10 13 10 1 0 1 5
"1460" 110 3 77 46 10 12.7 7 0 0 1 5
"1461" 170 3 75 55 8 9 7 1 1 1 4
"1462" 178 3 74 46 9 3 3 1 1 0 1
"1463" 170 3 79 52 9 9 7 1 0 1 4
"1464" 120 3 76 49 9 3 10 1 1 0 1
"1465" 110 3 74 44 10 13 7 1 0 1 5
"1466" 124 3 79 44 13 12 10 1 0 1 1
"1467" 115 3 79 48 9 13 7 1 0 1 5
"1468" 150 3 76 45 10 9 5 0 0 1 4
"1469" 140 3 79 53 8 7 2 1 0 0 4
"1470" 120 3 74 51 8 7 5 0 1 1 4
"1471" 119 3 77 53 8 10.5 10 1 1 0 7
"1472" 167 3 74 45 11 5 10 1 0 1 4
"1473" 132 3 78 46 14 12.5 12 1 0 0 2
"1474" 110 3 75 45 8 13.5 10 0 0 0 6
"1475" 100 3 77 50 6 3.5 3 1 1 1 7
"1476" 127 3 74 45 11 12 10 0 0 0 1
"1477" 149 3 77 45 10 13 2 1 0 1 5
"1478" 115 3 78 46 10 12 15 0 0 1 7
"1479" 127 3 74 42 9 12 5 1 0 1 1
"1480" 122 3 79 45 13 12 10 1 0 1 1
"1481" 150 3 76 45 10 13.5 10 1 0 1 1
"1482" 117 3 76 43 10 12 5 1 0 1 5
"1483" 155 3 75 43 8 7 5 0 0 1 4
"1484" 127 3 76 54 6 9 5 0 0 0 4
"1485" 112 3 76 40 11 12.7 7 0 0 1 5
"1486" 170 3 78 51 9 10.5 10 1 1 1 3
"1487" 160 3 75 44 10 12 5 1 0 1 8
"1488" 117 3 79 45 13 14.5 7 0 0 1 3
"1489" 118 3 77 43 11 7 5 0 0 1 4
"1490" 123 3 74 44 12 9 7 0 0 1 4
"1491" 117 3 75 42 10 12 5 1 0 1 5
"1492" 100 3 76 45 10 12 15 0 0 1 7
"1493" 160 3 77 42 8 6 5 0 0 1 6
"1494" 200 3 77 46 10 3 15 1 1 1 1
"1495" 115 3 79 46 10 12.7 10 1 0 1 5
"1496" 105 3 78 45 10 13 10 0 0 1 5
"1497" 110 3 79 46 10 13 5 1 0 1 5
"1498" 165 3 76 52 9 8 2 1 1 1 1
"1499" 130 3 75 44 10 12.5 5 1 0 1 2
"1500" 154 3 75 36 12 7 5 1 0 1 4
"1501" 121 3 79 45 13 12 7 1 0 1 1
"1502" 119 3 78 53 8 10.5 10 1 1 0 7
"1503" 103 3 74 43 10 13 7 0 0 1 5
"1504" 114 3 77 45 10 12 10 0 0 1 7
"1505" 91 3 78 45 10 17 10 1 0 1 4
"1506" 136 3 78 45 10 12 10 1 0 0 1
"1507" 103 3 74 45 9 13 10 1 0 1 5
"1508" 120 3 79 44 10 13 3 1 0 1 5
"1509" 150 3 74 48 12 12 5 1 0 1 8
"1510" 125 3 75 45 10 13.5 10 0 0 1 6
"1511" 130 3 78 58 10 14.5 15 0 0 1 3
"1512" 119 3 75 46 10 12 7 0 0 0 7
"1513" 160 3 77 45 10 12 15 1 0 1 8
"1514" 145 3 75 53 9 8 15 1 1 1 1
"1515" 115 3 76 45 10 12.7 5 0 0 1 5
"1516" 116 3 75 42 9 13.5 10 0 0 1 6
"1517" 99 3 74 44 10 12 10 0 0 0 7
"1518" 143 3 75 54 10 6.5 7 1 1 1 2
"1519" 121 3 77 46 10 12.5 10 1 0 1 2
"1520" 150 3 75 51 8 12 15 1 0 0 8
"1521" 169 3 77 52 8 7 3 1 1 1 4
"1522" 125 3 74 46 8.5 12 5 1 0 1 5
"1523" 119 3 77 45 10 13 10 0 0 1 5
"1524" 145 3 75 46 10 9 15 1 0 1 4
"1525" 130 3 75 45 8 11 10 1 1 1 8
"1526" 110 3 76 45 10 12 5 1 0 1 5
"1527" 95 3 74 45 8 14.5 5 0 1 0 2
"1528" 180 3 79 45 10 8 15 1 0 1 1
"1529" 110 3 77 47 10 13 10 1 0 1 5
"1530" 110 3 77 45 10 12 5 0 0 1 5
"1531" 129 3 76 48 10 12.5 5 0 0 1 3
"1532" 330 4 104 60 11 10.5 7 0 1 1 3
"1533" 225 4 80 56 9 9 5 1 1 1 3
"1534" 140 4 86 51 10 12.7 10 1 0 1 5
"1535" 132 4 96 56 12 10.5 7 0 0 1 3
"1536" 170 4 87 58 8 7.5 7 1 1 1 3
"1537" 110 4 85 54 10 6 10 0 1 1 6
"1538" 170 4 84 55 11 3 15 1 1 0 1
"1539" 148 4 92 61 10 10.5 15 1 1 1 7
"1540" 135 4 82 46 13 12 5 1 0 1 5
"1541" 127 4 85 46 14 12 7 1 1 1 5
"1542" 120 4 83 56 10 12 15 1 1 1 5
"1543" 450 4 125 80 20 9 3 1 0 1 4
"1544" 159 4 81 56 8 7.5 15 1 1 0 8
"1545" 265 4 100 56 14 7 10 0 0 1 4
"1546" 140 4 99 51 12 10.5 1 1 0 0 7
"1547" 219 4 113 60 20 9 10 1 0 1 3
"1548" 180 4 81 50 11 7.5 5 1 1 0 3
"1549" 340 4 83 49 19 9 5 1 1 1 3
"1550" 170 4 89 51 12 12.7 6 1 0 0 5
"1551" 198 4 80 45 10 7 7 0 0 1 4
"1552" 133 4 80 48 10 10.5 10 1 0 0 7
"1553" 145 4 85 58 8 12 4 1 1 1 8
"1554" 220 4 103 49 13 14.5 10 1 1 1 3
"1555" 110 4 81 45 10 13 12 1 0 1 5
"1556" 153 4 87 66 9 7.5 10 1 1 1 8
"1557" 139 4 80 48 10 10.5 15 1 0 1 7
"1558" 350 4 80 44 14 10.5 10 1 1 0 7
"1559" 130 4 80 46 10 10.5 15 1 0 1 7
"1560" 380 4 130 72 15 7 5 0 0 1 4
"1561" 210 4 80 42 20 8 5 1 0 1 1
"1562" 130 4 86 54 13 6 10 1 0 1 6
"1563" 208 4 115 70 14 10 3 1 1 1 6
"1564" 470 4 120 75 18 9 10 1 1 1 3
"1565" 130 4 81 56 9 6 7 1 1 1 6
"1566" 150 4 87 55 10 12 3 1 0 1 8
"1567" 129 4 86 55 10 10.5 10 0 0 0 3
"1568" 110 4 83 47 10 17 10 1 0 1 4
"1569" 190 4 81 46 12 12 5 0 0 1 8
"1570" 195 4 83 55 10 4.5 3 1 1 0 8
"1571" 144 4 80 51 10 13.5 10 1 0 1 1
"1572" 120 4 82 44 11 12.7 12 1 0 1 5
"1573" 52 4 86 46 9 12 10 0 0 1 7
"1574" 169 4 95 58 14 9 7 0 1 1 4
"1575" 225 4 80 53 9 7 5 1 1 1 4
"1576" 177 4 80 50 9 4.5 2 1 0 0 8
"1577" 199 4 127 62 20 13.5 10 0 1 1 1
"1578" 372 4 158 80 20 10.5 10 1 0 1 3
"1579" 135 4 84 45 11 12 10 0 0 1 7
"1580" 100 4 80 45 12 12.7 15 1 0 1 5
"1581" 114 4 80 45 13 12 7 1 0 0 5
"1582" 113 4 85 46 10 12 15 0 0 1 7
"1583" 108 4 80 52 10 12 10 0 0 1 7
"1584" 110 4 83 47 10 17 10 1 0 1 4
"1585" 194 4 106 60 17 9 5 0 1 1 4
"1586" 155 4 85 53 7 4.5 10 1 0 0 8
"1587" 270 4 105 74 18 5 1 1 1 1 4
"1588" 200 4 122 68 12 10 5 1 0 1 6
"1589" 100 4 80 51 10 13.5 10 0 0 1 6
"1590" 125 4 80 45 13 13 10 0 0 0 5
"1591" 195 4 83 55 9 9 3 1 1 1 3
"1592" 235 4 92 52 15 3.5 3 1 0 1 7
"1593" 95 4 82 48 8 13 10 1 0 1 5
"1594" 92 4 82 48 8 13 12 0 0 1 5
"1595" 230 4 103 51 14 14.5 15 1 1 1 3
"1596" 156 4 83 55 9 10.5 10 1 1 1 7
"1597" 140 4 85 52 11 9 10 0 0 1 3
"1598" 170 4 80 48 9 14.5 7 1 1 1 3
"1599" 125 4 82 52 12 13.5 10 0 0 0 6
"1600" 225 4 101 65 15 10.5 20 1 1 1 3
"1601" 145 4 85 54 11 8 10 0 1 1 1
"1602" 160 4 80 56 9 12 5 1 1 1 8
"1603" 299 4 99 65 11 9 10 1 1 1 3
"1604" 195 4 110 55 11 12 1 1 1 1 7
"1605" 170 4 81 60 13 13 5 1 0 1 5
"1606" 450 4 145 82 14 4.5 3 1 1 1 8
"1607" 160 4 85 56 12 6.5 10 1 1 1 2
"1608" 226 4 82 52 10 3 3 1 0 1 1
"1609" 140 4 87 57 7 10.5 3 1 1 1 3
"1610" 185 4 80 53 9 7.5 15 1 1 1 8
"1611" 120 4 80 50 10 7 7 1 0 1 5
"1612" 185 4 108 62 12 13.5 10 0 0 1 6
"1613" 146 4 80 46 10 7.5 10 1 1 1 3
"1614" 193 4 100 56 12 12 10 0 1 1 7
"1615" 123 4 83 50 11 12.7 15 1 0 1 5
"1616" 120 4 82 53 9 11.5 10 0 1 1 6
"1617" 123 4 85 51 10 12.7 3 1 0 1 5
"1618" 130 4 80 45 13 12 5 0 0 1 5
"1619" 153 4 87 55 10 6.5 5 0 1 1 2
"1620" 149 4 84 46 10 13.5 7 0 0 1 1
"1621" 169 4 80 50 8 10 5 1 1 1 6
"1622" 165 4 99 70 9 7.5 7 0 1 1 8
"1623" 165 4 87 51 12 12.7 6 1 0 0 5
"1624" 148 4 84 52 8 6.5 3 1 1 1 5
"1625" 130 4 81 49 9 13 10 0 1 1 5
"1626" 120 4 100 63 9 13 7 0 0 1 5
"1627" 209 4 90 57 8 10.5 2 1 1 1 3
"1628" 190 4 81 51 14 9 3 1 1 1 3
"1629" 135 4 85 53 9 10.5 7 0 1 0 3
"1630" 185 4 90 54 13 7.5 7 1 1 1 3
"1631" 299 4 100 65 11 9 10 1 0 1 3
"1632" 111 4 81 45 9 14.5 10 0 0 0 3
"1633" 164 4 90 52 13 10 3 1 1 1 6
"1634" 155 4 80 46 13 12 15 1 0 0 8
"1635" 132 4 88 55 14 17 5 1 0 1 4
"1636" 200 4 121 71 12 10 3 1 0 1 6
"1637" 125 4 81 56 9 6 5 1 1 0 6
"1638" 145 4 90 55 10 9 7 1 1 0 4
"1639" 122 4 96 51 12 13.5 10 0 0 0 6
"1640" 150 4 112 64 16 14.5 5 0 0 1 3
"1641" 140 4 85 50 8 6.5 2 1 1 1 5
"1642" 165 4 89 57 9 7 5 0 0 1 4
"1643" 371 4 128 70 18 7 5 0 0 1 4
"1644" 141 4 113 58 13 13.5 10 0 0 1 1
"1645" 135 4 100 50 10 15.5 10 1 0 1 1
"1646" 165 4 96 58 14 7 5 0 0 1 4
"1647" 192 4 123 68 16 14.5 10 0 0 0 3
"1648" 133 4 83 46 12 13.5 10 1 1 1 1
"1649" 168 4 84 54 8 7.5 10 1 1 1 8
"1650" 135 4 84 55 11 3 15 1 1 1 1
"1651" 138 4 86 50 10 13.5 10 1 1 1 1
"1652" 115 4 80 48 11 12.7 5 0 0 1 5
"1653" 117 4 80 44 13 10.5 10 0 0 1 3
"1654" 154 4 95 51 11 6.5 3 1 1 1 5
"1655" 160 4 114 67 15 14.5 10 0 0 1 3
"1656" 280 4 108 65 14 14.5 15 1 1 1 3
"1657" 115 4 85 52 10 12 10 1 0 1 5
"1658" 227 4 134 70 16 9 5 1 0 1 4
"1659" 220 4 81 46 13 9 7 1 0 1 4
"1660" 149 4 94 57 8 10.5 15 0 1 1 3
"1661" 170 4 92 62 18 6 7 1 1 1 6
"1662" 189 4 86 55 10 9 10 1 1 1 3
"1663" 126 4 80 40 14 12 10 0 0 1 7
"1664" 140 4 82 47 11 12.5 10 1 1 0 2
"1665" 104 4 84 52 11 13 5 0 0 1 5
"1666" 120 4 80 47 9 13.5 10 0 0 1 6
"1667" 152 4 81 54 8 7.5 12 1 1 1 3
"1668" 105 4 82 48 8 13 10 0 0 1 5
"1669" 150 4 108 56 15 11 5 1 1 1 5
"1670" 160 4 86 51 8 12 2 1 1 1 7
"1671" 190 4 84 55 9 4.5 5 1 1 1 8
"1672" 190 4 106 58 24 9 5 0 0 1 4
"1673" 132 4 84 52 11 12.7 20 1 0 1 5
"1674" 170 4 80 45 13 12 10 1 0 1 8
"1675" 350 4 113 85 20 9 10 1 0 1 3
"1676" 159 4 107 64 13 14.5 10 0 1 1 3
"1677" 87 4 90 57 13 14.5 15 1 1 1 2
"1678" 130 4 82 54 8 3.5 10 1 1 1 7
"1679" 180 4 83 53 8 12 5 1 1 1 7
"1680" 210 4 105 55 14 17 5 0 0 1 2
"1681" 371 4 120 59 15 7 10 0 0 1 4
"1682" 118 4 84 48 9 12.7 5 0 0 1 5
"1683" 157 4 80 48 9 7 5 0 0 1 4
"1684" 140 4 80 51 7 7.5 7 1 1 1 8
"1685" 185 4 80 53 9 7.5 10 1 1 1 8
"1686" 164 4 90 52 13 10 3 1 1 1 6
"1687" 210 4 81 48 10 3 5 1 1 1 1
"1688" 225 4 92 48 13 9 1 1 1 1 4
"1689" 135 4 83 53 9 13.5 10 0 0 1 1
"1690" 235 4 101 59 15 8 7 1 1 1 1
"1691" 185 4 95 57 12 5 5 1 0 0 4
"1692" 215 4 86 58 12 3 5 1 1 1 1
"1693" 144 4 80 48 13 15.5 10 1 0 1 1
"1694" 205 4 88 59 9 9 10 1 1 0 3
"1695" 145 4 84 53 10 15.5 15 1 0 1 1
"1696" 150 4 86 53 9 11.5 1 1 0 1 6
"1697" 285 4 90 57 7 3 3 1 0 1 1
"1698" 135 4 80 45 13 12.5 5 0 0 1 3
"1699" 150 4 80 48 13 14.5 10 0 0 1 3
"1700" 143 4 93 57 9 10.5 5 0 1 1 3
"1701" 180 4 88 55 11 6 3 1 0 1 6
"1702" 177 4 103 54 11 9 5 1 0 1 3
"1703" 119 4 80 51 8 11.5 15 1 0 1 6
"1704" 120 4 81 48 8 13 7 1 0 1 5
"1705" 132 4 88 63 8 8 5 1 1 1 1
"1706" 455 4 192 92 18 7.5 5 1 0 1 3
"1707" 194 4 105 58 11 9 5 1 0 1 3
"1708" 140 4 80 51 10 13.5 10 1 1 1 1
"1709" 160 4 101 51 15 7 7 1 0 1 5
"1710" 130 4 83 48 9 12.7 5 1 0 1 5
"1711" 120 4 84 45 11 7 10 1 0 1 5
"1712" 360 4 103 80 14 3 3 1 1 1 1
"1713" 130 4 96 57 9 7.5 5 0 1 1 8
"1714" 110 4 86 53 9 10.5 5 0 0 0 3
"1715" 170 4 100 57 10 13.5 15 0 0 0 6
"1716" 105 4 83 48 9 13 15 1 0 1 5
"1717" 220 4 83 53 9 4.5 5 1 0 0 8
"1718" 165 4 90 58 11 4.5 7 0 0 1 8
"1719" 106 4 83 44 10 12 10 0 0 1 7
"1720" 130 4 81 56 9 6 7 1 1 0 6
"1721" 240 4 105 55 23 10 5 1 0 1 6
"1722" 150 4 97 63 11 10 7 1 0 1 6
"1723" 210 4 94 59 11 12.7 2 1 1 1 5
"1724" 150 4 85 61 8 12 7 1 1 1 8
"1725" 185 4 108 65 12 13.5 10 0 0 1 6
"1726" 340 4 125 70 18 7 10 0 1 1 4
"1727" 134 4 83 44 10 13 10 1 0 0 5
"1728" 135 4 82 48 9 10.5 10 0 0 0 3
"1729" 130 4 80 38 11 12.7 10 1 0 1 5
"1730" 120 4 80 45 13 12 10 1 0 1 5
"1731" 230 4 92 60 14 9 10 1 0 0 3
"1732" 126 4 84 56 9 3.5 4 1 1 1 7
"1733" 260 4 110 56 15 12.5 3 1 1 1 2
"1734" 152 4 95 62 10 12.7 5 1 0 1 5
"1735" 185 4 80 45 13 12 5 0 0 1 8
"1736" 135 4 81 53 8 11.5 4 1 1 1 6
"1737" 230 4 109 58 18 12.7 2 1 0 1 5
"1738" 168 4 104 60 16 12 10 1 0 1 1
"1739" 170 4 80 50 8 9 15 0 1 1 3
"1740" 190 4 87 62 10 4.5 5 1 1 1 8
"1741" 160 4 93 57 12 12.7 5 1 0 1 5
"1742" 118 4 83 44 10 12.7 10 1 0 1 5
"1743" 165 4 84 57 9 10.5 7 1 0 0 3
"1744" 160 4 82 54 8 9 7 1 1 1 4
"1745" 162 4 90 53 13 10 7 1 1 1 6
"1746" 212 4 119 70 17 9 5 0 1 1 4
"1747" 120 4 80 52 14 12 7 1 0 1 5
"1748" 140 4 83 53 12 12 15 0 0 1 7
"1749" 280 4 145 66 16 12.7 3 1 0 0 5
"1750" 160 4 98 52 12 10 7 1 0 1 6
"1751" 165 4 100 54 12 6.5 3 1 0 1 5
"1752" 147 4 111 65 16 14.5 6 0 1 1 3
"1753" 125 4 90 54 8 12 15 0 0 1 7
"1754" 125 4 80 47 10 12 15 0 0 1 7
"1755" 200 4 100 66 21 9 15 1 1 1 3
"1756" 115 4 84 53 12 12.7 15 1 0 1 5
"1757" 162 4 90 61 10 10.5 3 1 1 1 3
"1758" 125 4 80 45 13 12 5 0 1 1 5
"1759" 230 4 110 52 17 11.5 5 1 1 1 6
"1760" 200 4 102 73 10 9 7 1 0 1 3
"1761" 134 4 84 52 8 12 7 1 1 1 8
"1762" 155 4 85 47 11 12.7 5 1 0 1 5
"1763" 108 4 81 48 8 13 15 0 0 1 5
"1764" 160 4 80 51 8 3 10 1 1 1 1
"1765" 113 4 91 52 9 6.5 10 1 1 1 2
"1766" 125 4 83 48 9 12 3 1 0 1 5
"1767" 167 4 113 64 13 14.5 5 0 1 1 3
"1768" 158 4 88 61 9 10.5 15 1 1 1 3
"1769" 151 4 102 70 9 10.5 12 1 1 1 7
"1770" 170 4 102 58 12 13 5 1 0 1 5
"1771" 180 4 83 53 8 10.5 5 1 0 1 3
"1772" 178 4 80 54 9 3 5 1 1 1 1
"1773" 149 4 95 57 8 10.5 15 0 1 1 3
"1774" 113 4 80 48 8 12 10 1 0 1 5
"1775" 175 4 83 55 9 3 15 1 1 1 1
"1776" 220 4 148 85 14 14.5 7 0 1 1 3
"1777" 150 4 85 57 10 9 7 1 1 0 3
"1778" 125 4 83 48 9 12 3 1 0 1 5
"1779" 113 4 85 53 12 12.7 10 0 0 0 5
"1780" 250 4 100 50 15 12.7 5 1 0 1 5
"1781" 161 4 108 60 13 14.5 10 0 1 1 3
"1782" 145 4 90 52 9 12 15 1 1 0 7
"1783" 470 4 146 86 16 14.5 5 1 1 1 3
"1784" 260 4 107 58 14 13 1 1 0 1 5
"1785" 170 4 82 52 15 5 1 1 1 1 4
"1786" 163 4 115 66 15 13.5 10 0 0 1 1
"1787" 260 4 110 71 18 4.5 7 1 1 1 8
"1788" 115 4 80 48 12 12.7 5 0 0 1 5
"1789" 180 4 81 53 9 8 7 1 1 0 1
"1790" 128 4 83 44 10 7 2 1 0 1 5
"1791" 116 4 85 45 10 12 15 0 0 1 7
"1792" 128 4 85 52 10 14.5 10 0 0 0 3
"1793" 150 4 84 48 10 13.5 10 0 0 0 6
"1794" 129 4 99 55 11 10.5 15 1 0 0 3
"1795" 140 4 82 61 6 3.5 7 1 1 1 7
"1796" 127 4 82 50 10 10.5 7 0 0 0 3
"1797" 160 4 80 52 9 7.5 7 1 1 0 3
"1798" 270 4 105 74 10 5 1 1 1 1 4
"1799" 730 4 134 102 10 9 10 1 1 1 4
"1800" 176 4 104 55 11 9 5 1 0 1 3
"1801" 200 4 88 60 7 3 5 1 1 1 1
"1802" 310 4 100 62 17 4.5 15 1 0 1 8
"1803" 230 4 80 46 13 5 4 1 1 1 4
"1804" 170 4 106 64 13 12 15 1 0 1 8
"1805" 200 4 100 60 12 7 7 0 0 1 4
"1806" 133 4 85 50 9 12 10 0 0 1 7
"1807" 170 4 80 46 10 10 5 1 0 0 6
"1808" 160 4 80 54 9 9 10 1 1 1 3
"1809" 180 4 91 58 8 11 2 0 1 1 8
"1810" 181 4 86 51 11 10.5 10 0 0 0 3
"1811" 299 4 100 75 12 6.5 5 1 1 1 2
"1812" 160 4 80 51 13 7.5 5 1 1 1 8
"1813" 145 4 81 43 10 17 3 1 0 0 2
"1814" 460 4 153 84 18 9 5 1 1 1 4
"1815" 100 4 83 53 10 12 15 0 0 0 7
"1816" 117 4 85 44 10 12 10 0 0 1 7
"1817" 143 4 80 47 9 12.5 3 1 0 1 2
"1818" 227 4 104 54 10 10.5 8 1 0 1 3
"1819" 117 4 80 53 8 11.5 10 0 1 0 6
"1820" 124 4 80 51 9 6 10 0 1 1 6
"1821" 142 4 125 66 19 10.5 10 1 0 1 7
"1822" 127 4 81 49 8 12 5 1 0 1 5
"1823" 119 4 80 45 13 14.5 5 0 0 1 3
"1824" 131 4 80 46 13 12 7 1 0 0 1
"1825" 119 4 80 48 10 12.7 12 1 0 1 5
"1826" 125 4 93 66 9 6 5 1 1 0 6
"1827" 120 4 80 50 8 10.5 5 0 1 1 3
"1828" 169 4 85 45 10 13.5 10 1 0 1 6
"1829" 150 4 106 63 12 13.5 10 0 0 1 6
"1830" 309 4 107 72 17 10.5 1 1 1 1 3
"1831" 135 4 80 47 9 12 7 0 0 1 5
"1832" 209 4 99 63 9 9 10 1 1 1 3
"1833" 180 4 90 56 11 9 15 1 0 0 3
"1834" 252 4 132 74 23 12.5 3 1 1 0 3
"1835" 212 4 112 60 17 7 10 1 0 1 4
"1836" 153 4 80 40 25 10.5 10 0 0 1 3
"1837" 128 4 80 45 13 12 15 1 0 1 5
"1838" 160 4 98 50 12 10 10 1 0 1 6
"1839" 130 4 87 57 7 13.5 7 1 1 0 1
"1840" 110 4 80 46 10 12 15 0 0 1 7
"1841" 285 4 90 61 6 14.5 10 1 0 1 3
"1842" 142 4 90 51 12 12 10 0 1 1 7
"1843" 371 4 120 59 15 7 10 0 0 1 4
"1844" 159 4 109 64 13 14.5 10 0 1 1 3
"1845" 135 4 81 48 8 15.5 7 1 0 1 1
"1846" 126 4 80 46 13 14.5 5 0 0 1 3
"1847" 145 4 80 46 10 3.5 2 1 0 0 7
"1848" 129 4 80 48 10 12.7 7 1 0 1 5
"1849" 170 4 80 53 9 8 3 1 0 1 1
"1850" 115 4 80 45 10 13.5 10 0 0 1 6
"1851" 130 4 83 50 9 6.5 10 1 0 1 5
"1852" 160 4 86 56 9 6 2 1 0 1 6
"1853" 135 4 80 51 13 13.5 5 0 0 1 1
"1854" 145 4 82 47 10 14.5 15 1 0 1 3
"1855" 139 4 86 51 10 10.5 7 0 0 1 7
"1856" 114 4 93 51 12 10 7 1 0 0 6
"1857" 130 4 82 37 12 6 10 1 0 1 6
"1858" 127 4 92 50 11 6.5 10 1 0 1 5
"1859" 190 4 85 53 12 12 3 1 0 0 5
"1860" 150 4 92 69 8 4.5 10 1 1 1 8
"1861" 108 4 80 48 8 12 10 0 0 1 7
"1862" 200 4 90 60 10 12 10 1 1 1 7
"1863" 104 4 80 45 13 13 5 0 0 1 5
"1864" 145 4 96 56 9 11 15 1 1 0 8
"1865" 198 4 110 59 13 14.5 10 1 0 1 3
"1866" 145 4 84 53 19 15.5 15 1 0 1 1
"1867" 160 4 93 59 6 12.5 15 1 1 1 8
"1868" 171 4 96 50 18 7 5 1 0 1 4
"1869" 140 4 81 55 8 9 7 0 1 0 3
"1870" 175 4 112 78 16 7 10 1 1 1 4
"1871" 197 4 101 60 15 7 7 0 1 1 4
"1872" 143 4 85 52 9 5 8 1 1 1 4
"1873" 115 4 80 54 12 12.7 5 0 0 1 5
"1874" 317 4 135 70 20 9 2 1 0 1 3
"1875" 124 4 96 52 10 13.5 5 1 0 1 1
"1876" 350 4 90 62 12 10.5 5 0 0 1 3
"1877" 143 4 82 45 10 12 10 1 0 1 5
"1878" 140 4 80 45 13 13.5 5 0 0 1 1
"1879" 150 4 80 53 8 9 3 1 1 1 4
"1880" 130 4 109 51 16 13.5 10 0 1 1 6
"1881" 180 4 83 58 10 3 10 1 1 1 1
"1882" 240 4 81 54 8 9 3 1 1 0 3
"1883" 185 4 90 52 12 6 7 1 0 1 6
"1884" 260 4 80 46 12 9 2 1 1 1 4
"1885" 190 4 100 50 16 7 10 1 0 1 5
"1886" 122 4 93 52 14 13.5 10 1 0 1 1
"1887" 116 4 82 44 10 12.7 15 1 0 1 5
"1888" 100 4 83 48 10 12 15 0 0 0 7
"1889" 110 4 80 43 10 12 15 0 0 1 7
"1890" 147 4 80 50 8 7.5 5 0 0 1 8
"1891" 201 4 82 55 9 13.5 7 1 0 1 1
"1892" 145 4 85 52 11 14.5 5 0 0 1 3
"1893" 189 4 80 52 10 7 1 1 1 1 4
"1894" 115 4 81 47 9 12.7 10 1 0 0 5
"1895" 115 4 80 41 13 12 15 1 0 1 5
"1896" 152 4 108 56 15 11 5 1 1 1 5
"1897" 160 4 92 69 14 4.5 10 1 1 1 8
"1898" 170 4 82 52 20 5 1 1 0 1 4
"1899" 205 4 93 66 9 9 10 1 1 1 3
"1900" 240 4 106 60 17 4.5 10 1 1 1 8
"1901" 155 4 81 44 10 13.5 10 0 0 1 6
"1902" 140 4 81 50 13 15.5 2 1 0 1 1
"1903" 153 4 86 55 10 6.5 5 0 1 1 2
"1904" 142 4 84 53 10 15.5 15 1 0 1 1
"1905" 127 4 119 68 15 15.5 10 1 0 1 1
"1906" 145 4 81 46 10 15.5 5 1 0 1 1
"1907" 168 4 105 56 12 9 5 1 0 1 3
"1908" 175 4 95 48 12 10 2 1 0 0 6
"1909" 160 4 119 68 10 11 7 1 1 0 8
"1910" 149 4 92 50 14 10 7 1 1 1 6
"1911" 135 4 80 48 8 13 7 1 0 0 5
"1912" 125 4 85 46 10 12 5 0 0 1 7
"1913" 135 4 81 44 10 14.5 7 0 0 1 3
"1914" 174 4 130 71 16 14.5 4 0 0 1 3
"1915" 170 4 85 50 9 13.5 9 0 1 1 1
"1916" 130 4 84 54 8 6.5 15 1 1 1 2
"1917" 140 4 89 51 10 12 3 1 0 1 7
"1918" 121 4 81 46 8 12 2 1 0 1 5
"1919" 126 4 119 67 17 15.5 10 1 0 0 1
"1920" 130 4 83 46 10 10.5 1 1 0 1 7
"1921" 151 4 86 54 10 10.5 5 0 0 1 3
"1922" 150 4 80 44 12 11.5 5 0 0 1 6
"1923" 114 4 83 46 12 7 10 1 0 1 4
"1924" 131 4 84 60 10 9 10 1 0 1 4
"1925" 477 4 119 93 15 9 1 1 0 1 3
"1926" 415 4 152 80 17 3 5 1 0 1 1
"1927" 126 4 83 50 9 14.5 15 1 0 0 2
"1928" 220 4 107 71 9 9 10 1 1 1 3
"1929" 155 4 85 47 11 12.7 5 1 0 1 5
"1930" 95 4 82 50 10 12 10 0 0 1 5
"1931" 120 4 83 49 9 12 10 0 0 1 7
"1932" 230 4 95 64 10 10.5 15 1 1 1 3
"1933" 170 4 98 73 12 6 1 1 1 0 6
"1934" 162 4 86 58 9 12 8 1 1 1 8
"1935" 128 4 84 53 10 12 5 1 0 1 1
"1936" 135 4 80 45 10 10.5 5 0 0 1 7
"1937" 175 4 81 47 10 14.5 10 0 1 1 3
"1938" 200 4 101 68 10 11 10 1 1 1 8
"1939" 207 4 134 77 21 15.5 5 1 0 1 1
"1940" 160 4 80 55 8 8 15 1 1 1 1
"1941" 129 4 80 46 10 12 10 0 0 1 7
"1942" 190 4 112 55 16 7 10 1 0 1 5
"1943" 145 4 85 52 11 14.5 5 0 0 1 3
"1944" 144 4 95 62 11 10 10 1 0 1 6
"1945" 245 4 85 54 12 9 7 1 1 1 4
"1946" 156 4 90 51 13 10 5 1 0 1 6
"1947" 340 4 121 72 13 12.5 3 1 1 1 3
"1948" 117 4 82 44 10 13 2 1 0 1 5
"1949" 200 4 85 54 14 14.5 15 1 0 1 3
"1950" 115 4 86 67 13 13.5 15 0 0 1 6
"1951" 410 4 102 75 10 6.5 5 1 1 1 5
"1952" 220 4 98 60 9 4.5 10 1 1 1 8
"1953" 185 4 86 47 8 3 3 1 1 1 1
"1954" 125 4 80 45 11 12 2 1 0 1 5
"1955" 140 4 84 48 9 12 10 0 1 1 7
"1956" 122 4 81 46 13 12 15 1 0 1 5
"1957" 220 4 100 49 13 14.5 10 1 1 1 3
"1958" 315 4 118 54 12 3.5 2 1 1 1 7
"1959" 270 4 97 56 18 8 10 1 1 1 1
"1960" 160 4 87 56 9 3 10 1 0 1 1
"1961" 530 4 150 80 15 7.5 7 1 1 1 3
"1962" 260 4 135 75 20 12.5 3 1 1 0 3
"1963" 133 4 83 45 10 13 10 1 0 0 5
"1964" 125 4 83 53 10 5 12 1 0 0 4
"1965" 120 4 80 48 13 12 10 1 0 1 5
"1966" 145 4 94 50 12 17 10 1 1 1 4
"1967" 138 4 86 54 10 6 5 0 1 1 6
"1968" 144 4 80 48 13 15.5 10 1 0 1 1
"1969" 180 4 90 58 8 10.5 2 1 0 1 3
"1970" 164 4 101 51 15 12.7 5 1 0 1 5
"1971" 132 4 94 60 11 6.5 3 1 0 0 5
"1972" 132 4 80 54 10 12 10 1 0 1 1
"1973" 240 4 106 71 9 9 10 1 1 1 3
"1974" 137 4 83 48 12 15.5 10 1 0 1 1
"1975" 352 4 108 81 16 4.5 10 1 1 1 8
"1976" 165 4 90 65 8 6 2 1 1 1 6
"1977" 195 4 86 60 10 9 5 0 1 1 3
"1978" 123 4 81 48 9 12 20 0 0 0 7
"1979" 137 4 80 50 12 10.5 15 1 1 1 3
"1980" 160 4 90 60 12 12.7 1 1 1 1 5
"1981" 200 4 113 64 11 13.5 10 0 0 1 6
"1982" 113 4 80 46 10 13 10 0 0 1 5
"1983" 145 4 88 52 12 6.5 7 1 1 1 5
"1984" 160 4 84 50 9 12.7 1 1 0 1 5
"1985" 173 4 80 50 8 6 10 1 1 1 6
"1986" 113 4 84 54 10 13 5 0 0 1 5
"1987" 117 4 81 46 10 12.5 10 1 0 1 2
"1988" 250 4 92 57 11 9 3 1 1 1 3
"1989" 170 4 86 56 10 12 2 1 0 1 5
"1990" 222 4 134 75 16 12 5 1 0 1 7
"1991" 270 4 82 49 13 8 15 1 0 1 1
"1992" 142 4 83 45 10 12.7 15 1 0 1 5
"1993" 121 4 80 45 13 14.5 5 0 0 1 3
"1994" 300 4 127 66 15 12.5 5 1 1 1 3
"1995" 138 4 95 63 9 10 10 1 0 1 6
"1996" 210 4 80 49 10 12.5 5 1 1 1 3
"1997" 245 4 83 48 12 7.5 10 1 1 1 8
"1998" 147 4 80 45 13 4.5 15 1 0 1 8
"1999" 176 4 86 54 8 9 10 1 1 1 4
"2000" 140 4 82 49 8 13 5 1 0 1 5
"2001" 155 4 85 49 9 12 5 1 1 1 7
"2002" 185 4 91 50 12 10.5 10 1 0 1 3
"2003" 140 4 81 50 7 12 10 1 1 0 8
"2004" 150 4 81 55 9 9 5 0 1 0 3
"2005" 97 4 80 48 8 13 5 0 1 1 5
"2006" 169 4 84 62 10 6.5 1 1 0 1 2
"2007" 140 4 83 47 9 10.5 5 0 1 1 3
"2008" 130 4 81 48 9 13.5 10 0 0 1 6
"2009" 165 4 82 54 10 6 5 1 1 1 6
"2010" 245 4 80 49 10 3 10 1 1 0 1
"2011" 145 4 80 49 11 12.5 10 0 0 1 3
"2012" 118 4 80 45 13 12 15 1 0 1 5
"2013" 145 4 80 53 9 6 2 1 1 1 6
"2014" 200 4 87 60 15 11.5 3 1 1 1 6
"2015" 170 4 100 57 14 12 10 1 0 0 5
"2016" 205 4 87 58 9 7.5 5 1 1 1 3
"2017" 118 4 86 54 10 12 15 1 0 1 5
"2018" 171 4 90 63 10 10.5 3 1 0 1 3
"2019" 451 4 156 80 20 10.5 5 0 1 1 3
"2020" 420 4 102 70 20 3 2 1 1 1 1
"2021" 230 4 85 58 13 3 5 1 0 1 1
"2022" 150 4 81 54 9 9 5 0 1 0 3
"2023" 268 4 121 60 16 7.5 5 1 0 1 3
"2024" 185 4 99 67 9 9 10 1 1 0 4
"2025" 148 4 90 55 8 13.5 7 0 1 0 1
"2026" 265 4 136 88 14 10.5 10 1 1 1 3
"2027" 240 4 92 57 12 6.5 12 1 1 1 2
"2028" 215 4 90 61 9 9 1 1 1 1 3
"2029" 120 4 80 45 9 12.7 15 1 0 1 5
"2030" 170 4 86 59 10 17 10 0 1 1 2
"2031" 135 4 105 58 21 13.5 15 1 1 1 1
"2032" 115 4 81 50 8 13 10 1 0 1 5
"2033" 122 4 96 54 12 13.5 10 0 0 0 6
"2034" 120 4 80 45 13 12 15 1 0 1 5
"2035" 108 4 80 48 8 12 10 0 0 1 7
"2036" 151 4 111 64 16 14.5 10 0 1 1 3
"2037" 180 4 85 55 10 10.5 5 1 1 1 3
"2038" 370 4 111 60 13 8 5 1 1 1 1
"2039" 92 4 85 53 10 12 15 1 1 0 5
"2040" 104 4 80 45 13 13 5 0 0 1 5